RECT 0 0 99 99 6
RECT 9 27 12 55 2
RECT 10 18 13 62 2
RECT 10 26 54 63 2
RECT 11 17 14 17 2
RECT 11 21 40 65 2
RECT 12 16 16 67 2
RECT 13 16 29 68 2
RECT 13 15 27 15 2
RECT 14 23 43 70 2
RECT 15 69 87 71 2
RECT 15 14 24 14 2
RECT 16 24 45 72 2
RECT 17 18 34 73 2
RECT 18 17 32 74 2
RECT 19 75 22 75 2
RECT 20 27 52 76 2
RECT 21 77 25 77 2
RECT 23 19 36 78 2
RECT 24 25 81 79 2
RECT 25 22 41 80 2
RECT 27 81 79 81 2
RECT 28 82 77 82 2
RECT 30 20 38 83 2
RECT 32 84 74 84 2
RECT 34 85 71 85 2
RECT 36 86 69 86 2
RECT 40 87 67 87 2
RECT 43 88 61 88 2
RECT 47 24 51 24 2
RECT 53 24 85 74 2
RECT 56 23 86 73 2
RECT 58 22 82 78 2
RECT 61 21 76 83 2
RECT 63 20 84 76 2
RECT 65 19 90 44 2
RECT 68 18 83 77 2
RECT 70 17 89 63 2
RECT 73 16 86 72 2
RECT 76 80 80 80 2
RECT 76 15 89 66 2
RECT 80 14 87 71 2
RECT 86 67 88 68 2
RECT 87 17 90 52 2
RECT 88 54 90 57 2
RECT 88 59 90 61 2
RECT 15 28 85 60 5
RECT 15 18 29 36 5
RECT 15 22 36 38 5
RECT 15 26 39 27 5
RECT 60 24 85 53 5
RECT 62 23 85 26 5
RECT 70 20 84 22 5
RECT 79 19 83 19 5
RECT 15 20 15 21 7
RECT 15 39 15 39 7
RECT 15 51 15 51 7
RECT 15 38 16 38 7
RECT 15 43 43 49 7
RECT 16 19 16 19 7
RECT 16 40 16 40 7
RECT 17 18 17 18 7
RECT 18 42 41 50 7
RECT 20 39 22 51 7
RECT 20 55 20 55 7
RECT 21 36 25 36 7
RECT 22 56 22 56 7
RECT 22 18 23 18 7
RECT 23 38 23 38 7
RECT 23 52 36 52 7
RECT 24 34 24 34 7
RECT 24 57 24 57 7
RECT 24 39 33 39 7
RECT 25 19 25 19 7
RECT 26 33 26 33 7
RECT 27 58 27 58 7
RECT 28 20 28 20 7
RECT 28 32 31 33 7
RECT 30 21 30 21 7
RECT 30 59 31 59 7
RECT 31 31 38 31 7
RECT 32 22 32 22 7
RECT 34 30 34 32 7
RECT 35 24 35 24 7
RECT 35 60 35 60 7
RECT 37 25 37 25 7
RECT 37 29 47 30 7
RECT 39 26 39 26 7
RECT 39 41 39 51 7
RECT 40 27 40 27 7
RECT 42 28 42 28 7
RECT 43 54 43 55 7
RECT 44 44 44 44 7
RECT 44 56 44 56 7
RECT 44 61 51 61 7
RECT 45 45 45 48 7
RECT 45 57 52 57 7
RECT 46 47 46 47 7
RECT 46 53 47 53 7
RECT 47 58 47 58 7
RECT 48 59 48 60 7
RECT 52 45 53 49 7
RECT 52 29 62 30 7
RECT 53 44 53 44 7
RECT 53 60 59 60 7
RECT 54 43 84 49 7
RECT 55 51 56 51 7
RECT 56 42 56 42 7
RECT 57 27 59 28 7
RECT 58 41 77 52 7
RECT 59 30 67 31 7
RECT 61 26 61 26 7
RECT 61 40 76 40 7
RECT 62 53 62 53 7
RECT 63 25 63 25 7
RECT 64 31 71 32 7
RECT 64 59 65 59 7
RECT 65 39 73 53 7
RECT 68 33 75 33 7
RECT 68 58 69 58 7
RECT 69 38 69 38 7
RECT 72 21 72 21 7
RECT 72 54 72 54 7
RECT 73 32 73 32 7
RECT 73 57 73 57 7
RECT 75 20 76 20 7
RECT 76 37 79 37 7
RECT 76 56 76 56 7
RECT 77 36 78 38 7
RECT 78 19 78 19 7
RECT 78 38 81 39 7
RECT 78 41 78 41 7
RECT 79 55 79 55 7
RECT 81 39 82 39 7
RECT 82 50 82 50 7
RECT 82 18 83 18 7
RECT 83 41 83 42 7
RECT 84 19 84 19 7
RECT 85 20 85 23 7
RECT 85 32 85 32 7
RECT 85 40 85 40 7
RECT 85 42 85 42 7
RECT 85 52 85 53 7
RECT 12 31 14 49 0
RECT 12 40 15 40 0
RECT 12 45 44 48 0
RECT 12 42 40 48 0
RECT 12 41 38 48 0
RECT 13 20 14 51 0
RECT 13 53 16 56 0
RECT 13 19 15 19 0
RECT 13 52 15 52 0
RECT 13 57 23 58 0
RECT 13 54 18 54 0
RECT 14 59 16 62 0
RECT 14 18 16 18 0
RECT 15 55 19 65 0
RECT 15 56 21 64 0
RECT 15 17 26 17 0
RECT 16 65 86 67 0
RECT 17 40 19 40 0
RECT 17 64 85 68 0
RECT 17 16 23 16 0
RECT 17 43 42 49 0
RECT 18 62 85 69 0
RECT 18 39 20 39 0
RECT 18 60 34 61 0
RECT 18 59 29 69 0
RECT 19 58 26 71 0
RECT 19 38 22 38 0
RECT 19 50 41 50 0
RECT 20 37 23 37 0
RECT 20 62 83 72 0
RECT 21 62 82 73 0
RECT 21 42 38 51 0
RECT 22 36 24 36 0
RECT 22 65 69 74 0
RECT 22 40 36 40 0
RECT 23 35 26 35 0
RECT 23 75 27 75 0
RECT 24 61 43 76 0
RECT 24 18 29 18 0
RECT 24 52 35 52 0
RECT 25 34 28 34 0
RECT 26 71 79 76 0
RECT 26 66 78 77 0
RECT 26 19 31 19 0
RECT 26 39 31 39 0
RECT 27 33 30 33 0
RECT 27 62 77 78 0
RECT 28 63 84 71 0
RECT 29 67 76 79 0
RECT 29 20 32 20 0
RECT 29 32 33 32 0
RECT 31 21 34 21 0
RECT 31 80 75 80 0
RECT 32 31 37 31 0
RECT 33 22 36 22 0
RECT 33 81 73 81 0
RECT 34 23 37 23 0
RECT 35 30 43 30 0
RECT 35 64 71 82 0
RECT 36 24 39 24 0
RECT 37 83 69 83 0
RECT 38 25 41 25 0
RECT 38 29 61 29 0
RECT 40 26 43 26 0
RECT 40 44 43 44 0
RECT 40 84 66 84 0
RECT 41 27 44 27 0
RECT 42 47 45 47 0
RECT 42 46 46 46 0
RECT 43 28 56 28 0
RECT 44 55 52 55 0
RECT 44 54 53 54 0
RECT 44 85 59 85 0
RECT 45 56 51 56 0
RECT 46 57 50 57 0
RECT 48 58 49 58 0
RECT 48 53 52 53 0
RECT 50 61 50 61 0
RECT 52 46 56 48 0
RECT 52 61 86 67 0
RECT 53 45 87 48 0
RECT 53 27 58 27 0
RECT 54 44 84 48 0
RECT 54 44 67 49 0
RECT 55 26 60 26 0
RECT 55 43 83 49 0
RECT 55 30 66 30 0
RECT 55 49 81 50 0
RECT 57 25 62 25 0
RECT 57 42 79 51 0
RECT 59 24 64 24 0
RECT 59 43 76 52 0
RECT 59 41 77 41 0
RECT 60 60 80 75 0
RECT 61 23 66 23 0
RECT 61 31 69 31 0
RECT 62 40 75 40 0
RECT 63 53 72 53 0
RECT 64 22 69 22 0
RECT 66 21 71 21 0
RECT 66 32 72 32 0
RECT 66 39 72 39 0
RECT 66 59 76 59 0
RECT 68 20 74 20 0
RECT 70 33 73 33 0
RECT 70 58 86 64 0
RECT 71 19 77 19 0
RECT 72 34 75 34 0
RECT 74 35 76 35 0
RECT 74 18 81 18 0
RECT 74 57 81 74 0
RECT 75 36 77 36 0
RECT 77 37 78 37 0
RECT 77 56 87 61 0
RECT 77 17 86 17 0
RECT 78 38 79 38 0
RECT 79 39 80 39 0
RECT 79 40 81 40 0
RECT 80 41 82 41 0
RECT 80 16 85 16 0
RECT 80 55 87 55 0
RECT 81 42 82 42 0
RECT 83 54 87 63 0
RECT 84 18 87 18 0
RECT 85 19 87 19 0
RECT 85 49 87 51 0
RECT 86 20 87 53 0
RECT 86 21 88 40 0
RECT 86 43 88 44 0
RECT 15 55 15 55 1
RECT 15 56 17 56 1
RECT 16 61 17 61 1
RECT 16 60 18 60 1
RECT 16 57 19 59 1
RECT 16 58 20 58 1
RECT 17 62 17 62 1
RECT 17 45 20 46 1
RECT 17 47 21 47 1
RECT 18 44 21 44 1
RECT 18 65 29 65 1
RECT 19 48 21 48 1
RECT 19 66 29 66 1
RECT 19 64 30 64 1
RECT 20 43 21 43 1
RECT 20 68 27 68 1
RECT 20 67 28 67 1
RECT 20 62 31 63 1
RECT 21 42 21 42 1
RECT 21 69 27 69 1
RECT 21 61 29 61 1
RECT 22 70 26 70 1
RECT 22 60 27 60 1
RECT 23 59 24 59 1
RECT 23 71 25 71 1
RECT 24 72 25 72 1
RECT 28 42 29 49 1
RECT 28 73 49 75 1
RECT 29 71 49 76 1
RECT 30 70 49 70 1
RECT 31 69 49 77 1
RECT 32 67 49 78 1
RECT 33 66 49 66 1
RECT 34 64 49 79 1
RECT 35 63 40 63 1
RECT 36 49 36 49 1
RECT 36 43 37 43 1
RECT 36 80 49 80 1
RECT 37 44 39 48 1
RECT 37 45 40 45 1
RECT 37 46 41 47 1
RECT 40 81 49 81 1
RECT 48 82 49 82 1
RECT 52 82 59 82 1
RECT 52 81 64 81 1
RECT 52 64 65 64 1
RECT 52 65 66 66 1
RECT 52 67 67 69 1
RECT 52 70 68 80 1
RECT 52 72 69 74 1
RECT 52 75 70 79 1
RECT 52 77 71 78 1
RECT 55 47 60 47 1
RECT 56 46 60 46 1
RECT 56 63 65 63 1
RECT 57 48 60 48 1
RECT 58 45 61 45 1
RECT 59 44 61 44 1
RECT 59 49 61 49 1
RECT 61 43 62 43 1
RECT 63 62 64 62 1
RECT 68 49 69 49 1
RECT 68 44 70 48 1
RECT 68 61 75 61 1
RECT 68 62 76 62 1
RECT 69 42 69 50 1
RECT 69 43 70 43 1
RECT 69 63 77 63 1
RECT 69 64 78 64 1
RECT 70 65 79 65 1
RECT 70 66 80 67 1
RECT 71 68 81 70 1
RECT 71 69 82 69 1
RECT 72 60 74 60 1
RECT 72 72 80 72 1
RECT 72 71 81 71 1
RECT 73 74 78 74 1
RECT 73 73 79 73 1
RECT 74 76 75 76 1
RECT 74 75 77 75 1
RECT 76 50 76 50 1
RECT 76 44 77 44 1
RECT 76 45 78 49 1
RECT 76 46 80 48 1
RECT 76 47 82 47 1
RECT 77 59 85 59 1
RECT 78 60 85 60 1
RECT 79 58 85 61 1
RECT 80 62 84 62 1
RECT 81 63 84 63 1
RECT 82 65 83 65 1
RECT 82 64 84 64 1
RECT 82 57 85 57 1
RECT 83 66 83 66 1
RECT 84 56 85 56 1
