RECT 0 0 399 399 1
RECT 160 30 165 30 0
RECT 168 30 171 30 0
RECT 157 31 174 31 0
RECT 156 32 176 32 0
RECT 151 33 171 33 0
RECT 150 34 170 34 0
RECT 149 35 170 35 0
RECT 147 36 171 36 0
RECT 175 36 180 36 0
RECT 146 37 181 37 0
RECT 145 38 182 38 0
RECT 144 39 177 39 0
RECT 143 40 173 40 0
RECT 180 39 182 40 0
RECT 143 41 164 41 0
RECT 305 41 313 41 0
RECT 143 42 161 42 0
RECT 295 42 312 42 0
RECT 88 43 88 43 6
RECT 143 43 160 43 0
RECT 292 43 310 43 0
RECT 89 44 89 44 6
RECT 142 44 157 44 0
RECT 278 44 309 44 0
RECT 89 45 89 45 4
RECT 142 45 155 45 0
RECT 276 45 309 45 0
RECT 86 46 86 46 6
RECT 89 46 89 46 0
RECT 94 46 94 46 4
RECT 142 46 153 46 0
RECT 177 46 178 46 0
RECT 273 46 309 46 0
RECT 345 46 346 46 0
RECT 87 47 89 47 6
RECT 94 47 94 47 6
RECT 267 47 309 47 0
RECT 337 47 344 47 0
RECT 91 48 91 48 6
RECT 266 48 309 48 0
RECT 335 48 344 48 0
RECT 85 49 85 49 4
RECT 88 49 90 49 6
RECT 142 47 157 49 0
RECT 263 49 308 49 0
RECT 329 49 341 49 0
RECT 87 50 89 50 0
RECT 90 50 90 50 4
RECT 91 50 91 50 6
RECT 173 50 173 50 0
RECT 259 50 308 50 0
RECT 319 50 340 50 0
RECT 53 50 53 51 6
RECT 54 51 56 51 4
RECT 86 50 86 51 4
RECT 87 51 90 51 0
RECT 91 51 91 51 4
RECT 141 50 156 51 0
RECT 255 51 308 51 0
RECT 320 51 345 51 0
RECT 84 51 84 52 4
RECT 85 52 86 52 6
RECT 87 52 87 52 4
RECT 88 52 89 52 6
RECT 90 52 90 52 4
RECT 91 52 91 52 6
RECT 142 52 156 52 0
RECT 252 52 308 52 0
RECT 323 52 345 52 0
RECT 85 53 85 53 6
RECT 87 53 89 53 6
RECT 142 53 157 53 0
RECT 250 53 308 53 0
RECT 325 53 345 53 0
RECT 82 54 82 54 4
RECT 85 54 85 54 4
RECT 143 54 148 54 0
RECT 246 54 308 54 0
RECT 326 54 341 54 0
RECT 68 55 68 55 6
RECT 85 55 85 55 6
RECT 87 55 87 55 6
RECT 143 55 145 55 0
RECT 156 54 157 55 0
RECT 244 55 309 55 0
RECT 328 55 337 55 0
RECT 66 56 68 56 4
RECT 69 56 69 56 6
RECT 142 56 145 56 0
RECT 238 56 310 56 0
RECT 329 56 336 56 0
RECT 66 57 66 57 0
RECT 67 57 67 57 4
RECT 141 57 145 57 0
RECT 148 57 149 57 0
RECT 184 57 187 57 0
RECT 234 57 310 57 0
RECT 332 57 334 57 0
RECT 33 58 33 58 6
RECT 64 58 66 58 6
RECT 86 58 86 58 6
RECT 87 58 87 58 4
RECT 140 58 146 58 0
RECT 178 58 189 58 0
RECT 230 58 313 58 0
RECT 46 59 46 59 6
RECT 49 58 49 59 6
RECT 51 59 51 59 6
RECT 62 59 62 59 6
RECT 63 58 63 59 4
RECT 65 59 65 59 4
RECT 86 59 87 59 6
RECT 140 59 147 59 0
RECT 177 59 189 59 0
RECT 229 59 315 59 0
RECT 41 60 41 60 4
RECT 42 60 42 60 0
RECT 95 59 95 60 6
RECT 139 60 147 60 0
RECT 150 60 150 60 0
RECT 174 60 189 60 0
RECT 226 60 304 60 0
RECT 306 60 317 60 0
RECT 40 61 40 61 4
RECT 41 61 42 61 0
RECT 67 60 67 61 4
RECT 85 61 85 61 0
RECT 138 61 147 61 0
RECT 170 61 189 61 0
RECT 223 61 304 61 0
RECT 307 61 315 61 0
RECT 317 61 317 61 0
RECT 335 60 335 61 0
RECT 39 62 42 62 4
RECT 84 62 85 62 6
RECT 87 61 87 62 6
RECT 137 62 148 62 0
RECT 167 62 188 62 0
RECT 221 62 301 62 0
RECT 81 62 81 63 6
RECT 93 63 93 63 6
RECT 136 63 148 63 0
RECT 164 63 188 63 0
RECT 212 63 296 63 0
RECT 55 63 55 64 6
RECT 94 64 94 64 6
RECT 136 64 143 64 0
RECT 147 64 149 64 0
RECT 162 64 188 64 0
RECT 211 64 295 64 0
RECT 39 63 40 65 0
RECT 48 65 49 65 4
RECT 56 64 56 65 4
RECT 86 65 86 65 4
RECT 159 65 163 65 0
RECT 168 65 188 65 0
RECT 208 65 293 65 0
RECT 39 66 40 66 4
RECT 41 66 49 66 0
RECT 148 65 149 66 0
RECT 206 66 280 66 0
RECT 41 67 51 67 0
RECT 148 67 153 67 0
RECT 167 66 189 67 0
RECT 204 67 277 67 0
RECT 36 68 36 68 6
RECT 37 68 37 68 0
RECT 148 68 150 68 0
RECT 168 68 275 68 0
RECT 37 69 37 69 4
RECT 41 69 41 69 6
RECT 68 69 68 69 6
RECT 89 69 89 69 4
RECT 148 69 148 69 0
RECT 169 69 274 69 0
RECT 61 70 61 70 4
RECT 68 70 68 70 4
RECT 167 70 272 70 0
RECT 76 71 76 71 6
RECT 78 71 78 71 2
RECT 97 71 97 71 4
RECT 166 71 271 71 0
RECT 48 68 51 72 0
RECT 97 72 97 72 0
RECT 98 72 98 72 4
RECT 166 72 270 72 0
RECT 49 73 51 73 0
RECT 164 73 270 73 0
RECT 49 74 49 74 4
RECT 50 74 51 74 0
RECT 80 74 80 74 2
RECT 162 74 268 74 0
RECT 50 75 54 75 0
RECT 55 75 55 75 4
RECT 74 75 74 75 4
RECT 75 75 76 75 6
RECT 162 75 267 75 0
RECT 51 76 51 76 4
RECT 52 76 55 76 0
RECT 97 76 98 76 6
RECT 161 76 267 76 0
RECT 51 77 51 77 6
RECT 52 77 54 77 0
RECT 55 77 55 77 4
RECT 73 74 73 77 7
RECT 74 76 74 77 0
RECT 87 77 88 77 4
RECT 96 77 97 77 6
RECT 98 77 98 77 4
RECT 99 77 99 77 6
RECT 159 77 266 77 0
RECT 52 78 52 78 4
RECT 53 78 54 78 0
RECT 55 78 55 78 7
RECT 87 78 88 78 6
RECT 93 78 93 78 6
RECT 98 78 98 78 0
RECT 99 78 99 78 4
RECT 158 78 265 78 0
RECT 50 79 51 79 0
RECT 52 79 53 79 4
RECT 54 79 54 79 0
RECT 55 79 55 79 4
RECT 87 79 87 79 2
RECT 98 79 99 79 6
RECT 100 79 100 79 3
RECT 101 79 103 79 0
RECT 104 79 104 79 4
RECT 156 79 264 79 0
RECT 49 79 49 80 4
RECT 50 80 55 80 0
RECT 72 79 72 80 7
RECT 77 79 77 80 7
RECT 89 80 89 80 2
RECT 90 80 91 80 6
RECT 100 80 100 80 6
RECT 155 80 264 80 0
RECT 54 81 55 81 0
RECT 56 81 56 81 4
RECT 58 81 58 81 4
RECT 59 81 59 81 0
RECT 66 79 67 81 7
RECT 72 81 77 81 7
RECT 78 81 78 81 0
RECT 84 81 84 81 4
RECT 87 81 88 81 2
RECT 89 81 89 81 0
RECT 90 81 91 81 2
RECT 153 81 156 81 0
RECT 159 81 262 81 0
RECT 65 81 65 82 5
RECT 66 82 69 82 7
RECT 81 82 81 82 0
RECT 82 82 82 82 4
RECT 89 82 89 82 6
RECT 90 82 90 82 2
RECT 91 82 91 82 4
RECT 65 83 65 83 7
RECT 81 83 81 83 4
RECT 82 83 82 83 6
RECT 158 82 261 83 0
RECT 47 84 47 84 6
RECT 48 84 48 84 4
RECT 49 84 52 84 0
RECT 53 84 53 84 4
RECT 54 82 59 84 0
RECT 65 84 65 84 4
RECT 49 85 49 85 4
RECT 50 85 51 85 0
RECT 52 85 52 85 4
RECT 53 85 53 85 6
RECT 55 85 59 85 0
RECT 65 85 65 85 7
RECT 68 83 69 85 7
RECT 84 85 86 85 4
RECT 109 85 109 85 6
RECT 153 84 259 85 0
RECT 50 86 51 86 6
RECT 54 85 54 86 4
RECT 55 86 64 86 0
RECT 66 86 67 86 7
RECT 68 86 68 86 4
RECT 69 86 69 86 7
RECT 92 86 93 86 4
RECT 94 86 97 86 0
RECT 98 85 98 86 6
RECT 108 86 108 86 6
RECT 109 86 109 86 4
RECT 110 86 110 86 0
RECT 154 86 161 86 0
RECT 164 86 257 86 0
RECT 58 87 68 87 0
RECT 69 87 69 87 4
RECT 90 87 90 87 6
RECT 91 87 91 87 4
RECT 92 87 94 87 0
RECT 97 87 98 87 0
RECT 99 87 99 87 4
RECT 102 84 103 87 0
RECT 147 87 147 87 0
RECT 167 87 256 87 0
RECT 58 88 59 88 0
RECT 60 88 60 88 4
RECT 61 88 69 88 0
RECT 81 84 81 88 7
RECT 91 88 91 88 6
RECT 94 88 94 88 4
RECT 97 88 99 88 0
RECT 100 88 100 88 4
RECT 101 88 102 88 0
RECT 103 88 105 88 4
RECT 106 88 107 88 6
RECT 168 88 256 88 0
RECT 58 89 58 89 0
RECT 59 89 59 89 4
RECT 61 89 64 89 0
RECT 65 89 65 89 4
RECT 66 89 66 89 3
RECT 67 89 69 89 6
RECT 71 89 74 89 0
RECT 75 89 75 89 3
RECT 76 89 81 89 7
RECT 92 88 93 89 0
RECT 94 89 94 89 6
RECT 97 89 103 89 0
RECT 151 89 152 89 0
RECT 168 89 255 89 0
RECT 57 90 57 90 6
RECT 60 89 60 90 6
RECT 61 90 66 90 0
RECT 67 90 67 90 3
RECT 68 90 69 90 6
RECT 70 89 70 90 3
RECT 71 90 72 90 0
RECT 73 90 73 90 3
RECT 74 90 79 90 7
RECT 80 90 80 90 5
RECT 81 90 81 90 7
RECT 103 90 103 90 4
RECT 104 90 104 90 6
RECT 151 90 158 90 0
RECT 164 90 254 90 0
RECT 58 90 58 91 4
RECT 59 91 59 91 6
RECT 61 91 72 91 0
RECT 73 91 80 91 7
RECT 81 91 81 91 4
RECT 152 91 253 91 0
RECT 59 92 59 92 4
RECT 61 92 61 92 6
RECT 79 92 81 92 7
RECT 152 92 252 92 0
RECT 59 93 59 93 6
RECT 62 92 64 93 0
RECT 65 92 65 93 4
RECT 66 92 66 93 6
RECT 67 92 67 93 4
RECT 68 92 70 93 0
RECT 79 93 80 93 7
RECT 81 93 81 93 4
RECT 153 93 251 93 0
RECT 62 94 62 94 6
RECT 79 94 81 94 0
RECT 82 94 84 94 6
RECT 85 94 85 94 4
RECT 86 94 86 94 3
RECT 154 94 249 94 0
RECT 63 94 67 95 0
RECT 81 95 81 95 0
RECT 82 95 83 95 4
RECT 84 95 86 95 0
RECT 95 90 95 95 0
RECT 155 95 249 95 0
RECT 49 96 50 96 0
RECT 55 94 55 96 0
RECT 63 96 63 96 4
RECT 64 96 67 96 0
RECT 81 96 86 96 0
RECT 94 96 94 96 0
RECT 95 96 95 96 6
RECT 156 96 248 96 0
RECT 63 97 63 97 6
RECT 82 97 82 97 6
RECT 84 97 84 97 6
RECT 85 97 86 97 0
RECT 94 97 94 97 6
RECT 157 97 248 97 0
RECT 64 97 64 98 4
RECT 84 98 84 98 4
RECT 85 98 87 98 0
RECT 88 98 88 98 4
RECT 95 98 95 98 6
RECT 96 98 96 98 3
RECT 158 98 247 98 0
RECT 55 97 56 99 0
RECT 64 99 64 99 6
RECT 83 99 83 99 4
RECT 84 99 86 99 0
RECT 87 99 88 99 4
RECT 94 99 94 99 6
RECT 95 99 96 99 0
RECT 151 99 151 99 0
RECT 50 98 51 100 0
RECT 55 100 57 100 0
RECT 82 100 82 100 4
RECT 83 100 85 100 0
RECT 86 100 86 100 4
RECT 93 100 93 100 6
RECT 94 100 94 100 0
RECT 95 100 95 100 4
RECT 96 100 97 100 6
RECT 151 100 152 100 0
RECT 50 101 57 101 0
RECT 82 101 84 101 0
RECT 85 101 86 101 6
RECT 87 101 87 101 4
RECT 88 101 88 101 6
RECT 94 101 95 101 6
RECT 96 101 96 101 4
RECT 97 101 97 101 0
RECT 98 101 98 101 6
RECT 159 99 246 101 0
RECT 52 102 57 102 0
RECT 65 97 67 102 0
RECT 68 102 68 102 4
RECT 69 102 70 102 0
RECT 81 102 81 102 6
RECT 82 102 87 102 0
RECT 88 102 88 102 4
RECT 97 102 98 102 6
RECT 160 102 245 102 0
RECT 65 103 65 103 6
RECT 81 103 89 103 0
RECT 90 103 91 103 4
RECT 92 103 92 103 0
RECT 93 103 93 103 4
RECT 94 103 95 103 6
RECT 153 103 153 103 0
RECT 161 103 243 103 0
RECT 66 103 68 104 0
RECT 73 104 73 104 7
RECT 78 104 93 104 0
RECT 94 104 94 104 6
RECT 153 104 154 104 0
RECT 52 103 53 105 0
RECT 66 105 66 105 4
RECT 67 105 68 105 0
RECT 73 105 79 105 0
RECT 80 105 80 105 4
RECT 81 105 91 105 0
RECT 95 104 95 105 4
RECT 96 105 96 105 6
RECT 137 105 139 105 0
RECT 154 105 159 105 0
RECT 81 106 81 106 4
RECT 82 106 91 106 0
RECT 135 106 138 106 0
RECT 154 106 160 106 0
RECT 162 104 243 106 0
RECT 67 106 67 107 4
RECT 68 106 68 107 0
RECT 73 106 78 107 0
RECT 81 107 81 107 6
RECT 82 107 90 107 0
RECT 91 107 91 107 6
RECT 95 106 95 107 6
RECT 96 106 96 107 4
RECT 135 107 137 107 0
RECT 68 108 69 108 4
RECT 70 108 77 108 0
RECT 82 108 87 108 0
RECT 88 108 88 108 4
RECT 134 108 136 108 0
RECT 68 109 69 109 6
RECT 70 109 70 109 4
RECT 71 109 77 109 0
RECT 82 109 82 109 4
RECT 133 109 135 109 0
RECT 154 107 243 109 0
RECT 55 103 57 110 0
RECT 71 110 71 110 4
RECT 72 110 72 110 0
RECT 73 110 74 110 4
RECT 75 110 75 110 0
RECT 76 110 77 110 4
RECT 130 110 134 110 0
RECT 142 110 142 110 0
RECT 70 110 70 111 6
RECT 74 111 75 111 4
RECT 129 111 132 111 0
RECT 155 110 243 111 0
RECT 74 112 74 112 4
RECT 128 112 131 112 0
RECT 142 111 143 112 0
RECT 154 112 243 112 0
RECT 71 111 73 113 0
RECT 74 113 75 113 4
RECT 79 113 79 113 4
RECT 127 113 129 113 0
RECT 143 113 143 113 0
RECT 150 113 243 113 0
RECT 70 113 70 114 6
RECT 73 114 73 114 4
RECT 74 114 74 114 0
RECT 75 114 75 114 4
RECT 143 114 144 114 0
RECT 146 114 243 114 0
RECT 70 115 70 115 4
RECT 71 114 72 115 0
RECT 73 115 75 115 4
RECT 87 115 87 115 6
RECT 127 114 128 115 0
RECT 70 116 73 116 0
RECT 143 115 243 116 0
RECT 70 117 70 117 4
RECT 71 117 73 117 0
RECT 74 116 75 117 4
RECT 159 117 243 117 0
RECT 56 111 57 118 0
RECT 71 118 71 118 4
RECT 72 118 75 118 0
RECT 76 118 78 118 4
RECT 79 118 79 118 6
RECT 80 118 80 118 4
RECT 143 117 157 118 0
RECT 160 118 243 118 0
RECT 72 119 72 119 4
RECT 156 119 157 119 0
RECT 161 119 243 119 0
RECT 56 119 58 120 0
RECT 73 119 77 120 0
RECT 78 119 80 120 4
RECT 144 119 153 120 0
RECT 157 120 158 120 0
RECT 164 120 243 120 0
RECT 72 120 72 121 6
RECT 73 121 76 121 0
RECT 77 121 78 121 4
RECT 80 121 80 121 4
RECT 81 121 81 121 0
RECT 158 121 158 121 0
RECT 166 121 166 121 0
RECT 169 121 243 121 0
RECT 56 121 59 122 0
RECT 73 122 77 122 0
RECT 81 122 81 122 6
RECT 145 121 153 122 0
RECT 171 122 243 122 0
RECT 56 123 56 123 0
RECT 73 123 73 123 4
RECT 74 123 77 123 0
RECT 78 122 78 123 4
RECT 79 122 80 123 0
RECT 145 123 151 123 0
RECT 153 123 153 123 0
RECT 74 124 75 124 4
RECT 76 124 79 124 0
RECT 120 124 121 124 0
RECT 145 124 147 124 0
RECT 154 124 154 124 0
RECT 172 123 244 124 0
RECT 53 125 54 125 0
RECT 58 123 59 125 0
RECT 75 125 77 125 4
RECT 78 125 78 125 0
RECT 79 125 79 125 4
RECT 119 125 120 125 0
RECT 145 125 146 125 0
RECT 173 125 244 125 0
RECT 78 126 78 126 4
RECT 119 126 121 126 0
RECT 146 126 146 126 0
RECT 174 126 244 126 0
RECT 121 127 122 127 0
RECT 157 127 158 127 0
RECT 174 127 245 127 0
RECT 52 126 59 128 0
RECT 121 128 123 128 0
RECT 125 127 126 128 0
RECT 122 129 127 129 0
RECT 175 128 245 129 0
RECT 134 130 134 130 0
RECT 174 130 245 130 0
RECT 52 129 57 131 0
RECT 122 130 128 131 0
RECT 134 131 135 131 0
RECT 161 130 161 131 0
RECT 175 131 245 131 0
RECT 123 132 128 132 0
RECT 52 132 59 133 0
RECT 123 133 124 133 0
RECT 126 133 128 133 0
RECT 134 132 136 133 0
RECT 180 132 245 133 0
RECT 51 134 59 134 0
RECT 114 134 120 134 0
RECT 124 134 124 134 0
RECT 127 134 128 134 0
RECT 69 135 72 135 0
RECT 111 135 121 135 0
RECT 128 135 129 135 0
RECT 134 134 137 135 0
RECT 50 135 59 136 0
RECT 68 136 72 136 0
RECT 111 136 122 136 0
RECT 128 136 130 136 0
RECT 134 136 138 136 0
RECT 180 134 246 136 0
RECT 50 137 58 137 0
RECT 67 137 73 137 0
RECT 111 137 125 137 0
RECT 128 137 139 137 0
RECT 162 137 163 137 0
RECT 175 137 175 137 0
RECT 68 138 73 138 0
RECT 110 138 113 138 0
RECT 120 138 120 138 0
RECT 122 138 125 138 0
RECT 153 138 153 138 0
RECT 162 138 167 138 0
RECT 170 138 175 138 0
RECT 179 137 246 138 0
RECT 50 138 56 139 0
RECT 68 139 72 139 0
RECT 110 139 112 139 0
RECT 123 139 126 139 0
RECT 129 138 142 139 0
RECT 153 139 155 139 0
RECT 161 139 175 139 0
RECT 178 139 246 139 0
RECT 49 140 56 140 0
RECT 71 140 72 140 0
RECT 109 140 110 140 0
RECT 153 140 175 140 0
RECT 178 140 247 140 0
RECT 50 141 57 141 0
RECT 71 141 71 141 0
RECT 109 141 112 141 0
RECT 124 140 144 141 0
RECT 154 141 174 141 0
RECT 179 141 247 141 0
RECT 51 142 58 142 0
RECT 70 142 71 142 0
RECT 126 142 141 142 0
RECT 155 142 171 142 0
RECT 178 142 247 142 0
RECT 50 143 58 143 0
RECT 69 143 70 143 0
RECT 109 142 115 143 0
RECT 127 143 144 143 0
RECT 157 143 158 143 0
RECT 168 143 169 143 0
RECT 176 143 247 143 0
RECT 50 144 57 144 0
RECT 68 144 70 144 0
RECT 109 144 111 144 0
RECT 127 144 145 144 0
RECT 158 144 158 144 0
RECT 167 144 169 144 0
RECT 172 144 247 144 0
RECT 49 145 57 145 0
RECT 68 145 72 145 0
RECT 88 145 88 145 0
RECT 110 145 110 145 0
RECT 128 145 147 145 0
RECT 167 145 248 145 0
RECT 49 146 56 146 0
RECT 67 146 73 146 0
RECT 127 146 150 146 0
RECT 161 146 248 146 0
RECT 50 147 56 147 0
RECT 67 147 75 147 0
RECT 126 147 152 147 0
RECT 157 147 248 147 0
RECT 50 148 55 148 0
RECT 126 148 248 148 0
RECT 51 149 55 149 0
RECT 66 148 75 149 0
RECT 123 149 248 149 0
RECT 65 150 80 150 0
RECT 83 150 90 150 0
RECT 104 150 105 150 0
RECT 121 150 249 150 0
RECT 52 150 55 151 0
RECT 103 151 105 151 0
RECT 110 152 110 152 0
RECT 126 151 249 152 0
RECT 53 152 54 153 0
RECT 64 151 91 153 0
RECT 103 152 104 153 0
RECT 110 153 114 153 0
RECT 126 153 250 153 0
RECT 103 154 105 154 0
RECT 111 154 117 154 0
RECT 53 154 53 155 0
RECT 63 154 91 155 0
RECT 104 155 105 155 0
RECT 112 155 120 155 0
RECT 126 154 251 155 0
RECT 115 156 251 156 0
RECT 52 156 53 157 0
RECT 94 156 94 157 0
RECT 104 156 107 157 0
RECT 116 157 140 157 0
RECT 143 157 251 157 0
RECT 52 158 52 158 0
RECT 94 158 96 158 0
RECT 105 158 111 158 0
RECT 118 158 138 158 0
RECT 143 158 252 158 0
RECT 94 159 97 159 0
RECT 105 159 112 159 0
RECT 119 159 137 159 0
RECT 144 159 253 159 0
RECT 58 160 58 160 0
RECT 62 156 91 160 0
RECT 94 160 98 160 0
RECT 105 160 114 160 0
RECT 119 160 136 160 0
RECT 145 160 253 160 0
RECT 51 161 51 161 0
RECT 57 161 58 161 0
RECT 61 161 92 161 0
RECT 94 161 99 161 0
RECT 111 161 113 161 0
RECT 119 161 134 161 0
RECT 145 161 254 161 0
RECT 56 162 57 162 0
RECT 60 162 92 162 0
RECT 94 162 100 162 0
RECT 118 162 134 162 0
RECT 60 163 101 163 0
RECT 117 163 133 163 0
RECT 145 162 256 163 0
RECT 55 163 57 164 0
RECT 59 164 61 164 0
RECT 64 164 104 164 0
RECT 116 164 131 164 0
RECT 146 164 256 164 0
RECT 55 165 56 165 0
RECT 58 165 60 165 0
RECT 65 165 104 165 0
RECT 107 165 110 165 0
RECT 115 165 131 165 0
RECT 146 165 257 165 0
RECT 54 166 56 166 0
RECT 58 166 59 166 0
RECT 67 166 129 166 0
RECT 146 166 258 166 0
RECT 69 167 128 167 0
RECT 54 167 55 168 0
RECT 70 168 127 168 0
RECT 147 167 259 168 0
RECT 71 169 126 169 0
RECT 147 169 261 169 0
RECT 53 169 54 170 0
RECT 73 170 125 170 0
RECT 148 170 261 170 0
RECT 52 170 52 171 4
RECT 53 171 53 171 0
RECT 73 171 124 171 0
RECT 148 171 262 171 0
RECT 51 172 51 172 4
RECT 74 172 121 172 0
RECT 150 172 262 172 0
RECT 50 173 51 173 4
RECT 52 172 53 173 0
RECT 75 173 121 173 0
RECT 152 173 262 173 0
RECT 45 174 45 174 4
RECT 49 174 49 174 4
RECT 50 174 53 174 0
RECT 78 174 120 174 0
RECT 153 174 263 174 0
RECT 44 175 46 175 4
RECT 48 175 48 175 4
RECT 49 175 49 175 0
RECT 50 175 50 175 4
RECT 79 175 118 175 0
RECT 154 175 264 175 0
RECT 44 176 49 176 4
RECT 80 176 117 176 0
RECT 155 176 264 176 0
RECT 44 177 45 177 4
RECT 47 177 48 177 0
RECT 81 177 115 177 0
RECT 156 177 265 177 0
RECT 48 178 48 178 4
RECT 82 178 113 178 0
RECT 157 178 266 178 0
RECT 44 178 44 179 4
RECT 82 179 83 179 0
RECT 86 179 101 179 0
RECT 105 179 112 179 0
RECT 157 179 267 179 0
RECT 44 180 45 180 4
RECT 88 180 98 180 0
RECT 158 180 267 180 0
RECT 43 181 45 181 4
RECT 46 181 46 181 0
RECT 95 181 97 181 0
RECT 158 181 268 181 0
RECT 42 182 43 182 4
RECT 45 182 46 182 4
RECT 159 182 269 182 0
RECT 42 183 45 183 4
RECT 42 184 42 184 4
RECT 44 184 45 184 4
RECT 159 183 265 184 0
RECT 33 185 33 185 4
RECT 34 185 34 185 0
RECT 35 185 35 185 4
RECT 41 185 42 185 4
RECT 44 185 44 185 0
RECT 45 185 45 185 4
RECT 159 185 264 185 0
RECT 33 186 33 186 0
RECT 34 186 34 186 4
RECT 41 186 41 186 4
RECT 158 186 262 187 0
RECT 158 188 261 189 0
RECT 159 190 261 190 0
RECT 158 191 261 191 0
RECT 41 192 41 192 4
RECT 41 193 41 193 0
RECT 158 192 262 193 0
RECT 158 194 263 195 0
RECT 159 196 264 196 0
RECT 159 197 265 198 0
RECT 159 199 266 199 0
RECT 159 200 267 200 0
RECT 160 201 267 201 0
RECT 161 202 269 203 0
RECT 161 204 270 204 0
RECT 161 205 207 205 0
RECT 214 205 270 205 0
RECT 161 206 184 206 0
RECT 196 206 200 206 0
RECT 220 206 271 206 0
RECT 223 207 272 207 0
RECT 162 207 182 208 0
RECT 225 208 272 208 0
RECT 162 209 181 209 0
RECT 227 209 272 209 0
RECT 162 210 180 210 0
RECT 233 210 272 210 0
RECT 162 211 179 211 0
RECT 235 211 272 211 0
RECT 162 212 173 213 0
RECT 239 212 273 213 0
RECT 163 214 170 214 0
RECT 242 214 274 214 0
RECT 246 215 275 215 0
RECT 163 215 168 216 0
RECT 247 216 275 216 0
RECT 164 217 166 217 0
RECT 245 217 251 217 0
RECT 254 217 276 217 0
RECT 166 218 166 218 0
RECT 244 218 244 218 0
RECT 256 218 277 218 0
RECT 161 219 162 219 0
RECT 165 219 166 219 0
RECT 159 220 165 221 0
RECT 258 219 277 221 0
RECT 158 222 163 222 0
RECT 210 222 214 222 0
RECT 257 222 278 222 0
RECT 158 223 162 223 0
RECT 212 223 218 223 0
RECT 257 223 274 223 0
RECT 157 224 162 224 0
RECT 212 224 219 224 0
RECT 258 224 272 224 0
RECT 278 223 278 224 0
RECT 216 225 222 225 0
RECT 263 225 272 225 0
RECT 156 225 161 226 0
RECT 220 226 230 226 0
RECT 235 226 241 226 0
RECT 156 227 158 227 0
RECT 196 227 197 227 0
RECT 220 227 231 227 0
RECT 234 227 241 227 0
RECT 155 228 157 228 0
RECT 197 228 208 228 0
RECT 214 228 215 228 0
RECT 218 228 238 228 0
RECT 155 229 156 229 0
RECT 197 229 209 229 0
RECT 214 229 216 229 0
RECT 218 229 237 229 0
RECT 199 230 238 230 0
RECT 201 231 240 231 0
RECT 205 232 240 232 0
RECT 213 233 236 233 0
RECT 212 234 235 234 0
RECT 190 235 191 235 0
RECT 209 235 235 235 0
RECT 189 236 204 236 0
RECT 207 236 221 236 0
RECT 228 236 235 236 0
RECT 190 237 219 237 0
RECT 229 237 237 237 0
RECT 239 237 240 237 0
RECT 152 237 152 238 0
RECT 192 238 217 238 0
RECT 230 238 247 238 0
RECT 151 239 151 239 0
RECT 196 239 201 239 0
RECT 206 239 216 239 0
RECT 231 239 240 239 0
RECT 245 239 253 239 0
RECT 150 240 151 240 0
RECT 198 240 200 240 0
RECT 207 240 216 240 0
RECT 232 240 238 240 0
RECT 247 240 254 240 0
RECT 149 241 150 241 0
RECT 207 241 214 241 0
RECT 233 241 238 241 0
RECT 249 241 256 241 0
RECT 286 240 286 241 0
RECT 148 242 150 242 0
RECT 234 242 239 242 0
RECT 287 242 287 242 0
RECT 148 243 149 243 0
RECT 205 242 213 243 0
RECT 235 243 240 243 0
RECT 287 243 288 243 0
RECT 146 244 148 244 0
RECT 205 244 211 244 0
RECT 236 244 240 244 0
RECT 288 244 288 244 0
RECT 146 245 147 245 0
RECT 204 245 211 245 0
RECT 237 245 241 245 0
RECT 288 245 289 245 0
RECT 145 246 147 246 0
RECT 200 246 210 246 0
RECT 238 246 241 246 0
RECT 145 247 146 247 0
RECT 195 247 209 247 0
RECT 289 246 289 247 0
RECT 144 248 145 248 0
RECT 190 248 208 248 0
RECT 239 247 242 248 0
RECT 289 248 290 248 0
RECT 143 249 145 249 0
RECT 190 249 206 249 0
RECT 241 249 243 249 0
RECT 290 249 291 249 0
RECT 190 250 205 250 0
RECT 290 250 292 250 0
RECT 143 250 144 251 0
RECT 189 251 204 251 0
RECT 243 250 245 251 0
RECT 291 251 292 251 0
RECT 187 252 203 252 0
RECT 244 252 246 252 0
RECT 142 252 142 253 0
RECT 186 253 202 253 0
RECT 185 254 200 254 0
RECT 246 253 247 254 0
RECT 292 252 293 254 0
RECT 184 255 198 255 0
RECT 183 256 198 256 0
RECT 247 255 248 256 0
RECT 293 255 294 256 0
RECT 183 257 197 257 0
RECT 249 257 249 257 0
RECT 294 257 294 257 0
RECT 182 258 195 258 0
RECT 250 258 250 258 0
RECT 139 259 139 259 0
RECT 182 259 194 259 0
RECT 250 259 251 259 0
RECT 180 260 193 260 0
RECT 138 260 138 261 0
RECT 180 261 192 261 0
RECT 252 261 252 261 0
RECT 178 262 191 262 0
RECT 177 263 189 263 0
RECT 296 262 296 263 0
RECT 176 264 189 264 0
RECT 175 265 187 265 0
RECT 297 265 297 265 0
RECT 172 266 187 266 0
RECT 298 266 298 266 0
RECT 172 267 185 267 0
RECT 170 268 184 268 0
RECT 169 269 183 269 0
RECT 167 270 182 270 0
RECT 166 271 181 271 0
RECT 166 272 180 272 0
RECT 164 273 178 273 0
RECT 163 274 177 274 0
RECT 162 275 176 275 0
RECT 265 275 266 275 0
RECT 161 276 175 276 0
RECT 265 276 267 277 0
RECT 159 277 174 278 0
RECT 266 278 269 278 0
RECT 156 279 173 279 0
RECT 267 279 270 279 0
RECT 154 280 173 280 0
RECT 268 280 272 280 0
RECT 153 281 172 281 0
RECT 268 281 273 281 0
RECT 304 281 304 281 0
RECT 151 282 171 282 0
RECT 269 282 273 282 0
RECT 150 283 171 283 0
RECT 270 283 273 283 0
RECT 148 284 169 285 0
RECT 271 284 273 285 0
RECT 304 282 305 285 0
RECT 146 286 168 286 0
RECT 272 286 274 286 0
RECT 304 286 306 286 0
RECT 144 287 166 287 0
RECT 142 288 165 288 0
RECT 273 287 275 288 0
RECT 303 287 307 288 0
RECT 140 289 163 289 0
RECT 303 289 308 289 0
RECT 138 290 162 290 0
RECT 137 291 162 291 0
RECT 274 289 275 291 0
RECT 302 290 308 291 0
RECT 135 292 161 292 0
RECT 274 292 277 292 0
RECT 285 292 285 292 0
RECT 134 293 161 293 0
RECT 274 293 278 293 0
RECT 296 293 297 293 0
RECT 300 292 308 293 0
RECT 276 294 278 294 0
RECT 294 294 308 294 0
RECT 288 295 309 295 0
RECT 134 294 160 296 0
RECT 278 295 278 296 0
RECT 284 293 285 296 0
RECT 287 296 309 296 0
RECT 134 297 159 297 0
RECT 284 297 309 297 0
RECT 132 298 158 299 0
RECT 284 298 288 299 0
RECT 292 298 309 299 0
RECT 284 300 285 300 0
RECT 130 300 157 301 0
RECT 283 301 285 301 0
RECT 293 300 299 301 0
RECT 302 300 310 301 0
RECT 128 302 155 302 0
RECT 293 302 298 302 0
RECT 301 302 310 302 0
RECT 127 303 153 303 0
RECT 294 303 297 303 0
RECT 126 304 152 304 0
RECT 295 304 297 304 0
RECT 125 305 150 305 0
RECT 124 306 150 306 0
RECT 123 307 149 307 0
RECT 122 308 148 308 0
RECT 121 309 147 309 0
RECT 300 303 310 309 0
RECT 121 310 129 310 0
RECT 131 310 146 310 0
RECT 300 310 311 310 0
RECT 120 311 128 311 0
RECT 301 311 311 311 0
RECT 119 312 128 312 0
RECT 132 311 144 312 0
RECT 118 313 127 313 0
RECT 132 313 142 313 0
RECT 118 314 126 314 0
RECT 132 314 140 314 0
RECT 117 315 125 315 0
RECT 131 315 139 315 0
RECT 301 312 312 315 0
RECT 117 316 123 316 0
RECT 130 316 139 316 0
RECT 118 317 122 317 0
RECT 129 317 138 317 0
RECT 117 318 120 318 0
RECT 128 318 138 318 0
RECT 302 316 313 319 0
RECT 116 319 118 320 0
RECT 127 319 137 320 0
RECT 302 320 314 320 0
RECT 116 321 117 321 0
RECT 126 321 136 321 0
RECT 125 322 134 322 0
RECT 124 323 134 323 0
RECT 123 324 133 324 0
RECT 122 325 133 325 0
RECT 302 321 315 325 0
RECT 121 326 131 326 0
RECT 303 326 316 326 0
RECT 120 327 131 327 0
RECT 302 327 316 327 0
RECT 119 328 129 328 0
RECT 116 329 129 329 0
RECT 302 328 317 330 0
RECT 96 331 96 331 0
RECT 114 330 128 331 0
RECT 302 331 318 331 0
RECT 303 332 318 332 0
RECT 113 332 126 333 0
RECT 303 333 317 333 0
RECT 95 332 96 334 0
RECT 111 334 125 334 0
RECT 303 334 316 334 0
RECT 95 335 97 335 0
RECT 96 336 97 336 0
RECT 110 335 123 336 0
RECT 303 335 315 336 0
RECT 97 337 98 337 0
RECT 109 337 122 337 0
RECT 289 337 290 337 0
RECT 303 337 314 337 0
RECT 95 338 98 338 0
RECT 289 338 292 338 0
RECT 107 338 122 339 0
RECT 290 339 292 339 0
RECT 304 338 313 339 0
RECT 94 339 98 340 0
RECT 105 340 121 340 0
RECT 93 341 98 341 0
RECT 103 341 121 341 0
RECT 290 340 293 341 0
RECT 92 342 99 342 0
RECT 102 342 120 342 0
RECT 290 342 292 342 0
RECT 115 343 118 343 0
RECT 90 343 108 344 0
RECT 290 343 291 344 0
RECT 89 345 108 345 0
RECT 305 340 313 345 0
RECT 89 346 107 346 0
RECT 291 345 291 346 0
RECT 303 346 312 346 0
RECT 88 347 107 347 0
RECT 291 347 292 347 0
RECT 302 347 313 347 0
RECT 92 348 107 348 0
RECT 291 348 294 348 0
RECT 297 348 313 348 0
RECT 87 348 88 349 0
RECT 92 349 106 349 0
RECT 292 349 314 349 0
RECT 86 350 87 350 0
RECT 92 350 105 350 0
RECT 294 350 315 350 0
RECT 86 351 86 351 0
RECT 295 351 316 351 0
RECT 85 352 85 352 0
RECT 92 351 104 352 0
RECT 295 352 317 352 0
RECT 84 353 84 353 0
RECT 91 353 104 353 0
RECT 296 353 317 353 0
RECT 90 354 104 355 0
RECT 296 354 318 355 0
RECT 90 356 103 356 0
RECT 90 357 102 357 0
RECT 297 356 318 357 0
RECT 89 358 102 359 0
RECT 305 358 319 359 0
RECT 89 360 101 360 0
RECT 297 358 303 360 0
RECT 306 360 319 360 0
RECT 90 361 101 361 0
RECT 306 361 320 361 0
RECT 74 362 77 362 0
RECT 91 362 101 362 0
RECT 306 362 313 362 0
RECT 316 362 320 362 0
RECT 74 363 74 363 0
RECT 297 361 302 363 0
RECT 318 363 320 363 0
RECT 296 364 302 364 0
RECT 307 363 312 364 0
RECT 92 363 101 365 0
RECT 296 365 301 365 0
RECT 308 365 312 365 0
RECT 318 364 321 365 0
RECT 92 366 100 366 0
RECT 295 366 301 366 0
RECT 319 366 322 366 0
RECT 82 367 89 367 0
RECT 92 367 101 367 0
RECT 295 367 300 367 0
RECT 319 367 323 368 0
RECT 82 368 101 370 0
RECT 294 368 300 370 0
RECT 309 366 310 370 0
RECT 81 371 101 371 0
RECT 294 371 299 371 0
RECT 309 371 309 371 0
RECT 318 369 325 371 0
RECT 79 372 101 372 0
RECT 78 373 102 373 0
RECT 293 372 299 373 0
RECT 62 374 62 374 0
RECT 77 374 102 374 0
RECT 62 375 64 375 0
RECT 76 375 102 375 0
RECT 61 376 64 376 0
RECT 74 376 102 376 0
RECT 60 377 102 377 0
RECT 326 377 330 377 0
RECT 60 378 118 378 0
RECT 321 378 321 378 0
RECT 324 378 330 378 0
RECT 60 379 125 379 0
RECT 129 379 137 379 0
RECT 292 374 299 379 0
RECT 320 379 331 379 0
RECT 60 380 149 380 0
RECT 151 380 158 380 0
RECT 206 380 208 380 0
RECT 214 380 240 380 0
RECT 292 380 309 380 0
RECT 315 380 332 380 0
RECT 60 381 168 381 0
RECT 198 381 251 381 0
RECT 292 381 310 381 0
RECT 313 381 333 381 0
RECT 61 382 263 382 0
RECT 265 382 266 382 0
RECT 294 382 301 382 0
RECT 306 382 333 382 0
RECT 63 383 68 383 0
RECT 73 383 85 383 0
RECT 124 383 268 383 0
RECT 297 383 302 383 0
RECT 310 383 336 383 0
RECT 347 383 355 383 0
RECT 358 383 365 383 0
RECT 65 384 67 384 0
RECT 74 384 85 384 0
RECT 132 384 142 384 0
RECT 156 384 267 384 0
RECT 299 384 303 384 0
RECT 311 384 311 384 0
RECT 316 384 366 384 0
RECT 182 385 257 385 0
RECT 302 385 304 385 0
RECT 326 385 350 385 0
RECT 354 385 360 385 0
RECT 185 386 244 386 0
RECT 247 386 247 386 0
RECT 305 386 306 386 0
RECT 325 386 333 386 0
RECT 185 387 217 387 0
RECT 318 387 318 387 0
RECT 322 387 322 387 0
RECT 328 387 328 387 0
RECT 188 388 199 388 0
JOKER 56 71 65 80
JOKER 71 95 80 103
JOKER 70 82 80 88
JOKER 59 60 66 69
JOKER 60 79 64 85
JOKER 42 68 47 75
JOKER 95 148 99 157
JOKER 52 66 58 74
JOKER 92 80 97 85
JOKER 86 70 96 76
JOKER 79 65 85 73
JOKER 96 90 101 97
JOKER 116 289 120 297
JOKER 132 262 137 270
JOKER 33 59 38 67
JOKER 50 180 51 188
JOKER 278 302 280 310
JOKER 82 86 86 93
JOKER 78 75 86 80
JOKER 89 90 94 95
JOKER 68 94 70 101
JOKER 50 60 53 66
JOKER 81 114 86 120
JOKER 83 109 89 114
JOKER 76 111 78 117
JOKER 167 122 170 128
JOKER 95 65 98 69
JOKER 65 73 72 78
JOKER 71 92 78 96
JOKER 54 52 59 57
JOKER 176 47 182 52
JOKER 80 57 84 61
JOKER 87 92 93 97
JOKER 42 186 44 191
JOKER 92 64 93 69
JOKER 57 60 59 65
JOKER 46 169 48 174
JOKER 62 69 67 72
JOKER 87 83 91 86
JOKER 113 298 115 302
JOKER 81 72 85 75
JOKER 38 178 41 182
JOKER 38 194 41 198
JOKER 69 103 72 107
JOKER 62 65 65 69
JOKER 81 354 83 358
JOKER 78 111 78 115
JOKER 152 74 157 77
JOKER 104 84 107 87
JOKER 286 333 288 336
JOKER 43 60 46 62
JOKER 55 70 58 73
JOKER 101 80 104 83
JOKER 97 327 99 330
JOKER 40 71 43 74
JOKER 100 75 103 78
JOKER 82 62 83 65
JOKER 41 70 43 73
JOKER 79 97 81 100
JOKER 146 94 147 97
JOKER 98 68 99 71
JOKER 101 84 101 87
JOKER 94 60 94 63
JOKER 100 84 100 87
JOKER 68 79 71 81
JOKER 50 81 53 83
JOKER 158 71 163 73
JOKER 68 367 70 369
JOKER 31 187 33 189
JOKER 69 95 72 97
JOKER 41 63 45 65
JOKER 76 126 77 128
JOKER 75 76 77 78
JOKER 74 102 77 104
JOKER 80 79 83 81
JOKER 73 78 76 80
JOKER 140 255 141 257
JOKER 57 58 58 60
JOKER 94 76 95 78
JOKER 66 83 67 85
JOKER 83 48 84 50
JOKER 55 87 57 89
JOKER 76 72 78 74
JOKER 284 236 285 238
JOKER 100 324 101 326
JOKER 92 46 93 48
JOKER 60 76 61 78
JOKER 87 44 88 46
JOKER 95 87 96 89
JOKER 52 175 53 177
JOKER 46 178 47 180
JOKER 79 66 80 68
JOKER 95 72 96 74
JOKER 92 105 93 107
JOKER 79 110 80 112
JOKER 127 119 127 121
JOKER 78 108 78 110
JOKER 59 70 59 72
JOKER 96 67 96 69
JOKER 87 86 87 88
