RECT 0 0 999 999 2
RECT 76 590 112 622 3
RECT 76 766 112 789 3
RECT 979 829 999 882 0
RECT 206 42 241 58 0
RECT 641 670 656 714 0
RECT 867 722 882 758 0
RECT 908 722 923 752 0
RECT 47 680 62 703 0
RECT 515 704 538 718 0
RECT 21 720 35 742 5
RECT 922 427 936 446 6
RECT 555 639 573 653 0
RECT 712 986 733 999 3
RECT 218 12 238 25 0
RECT 643 632 656 651 0
RECT 797 978 811 991 6
RECT 627 80 676 92 6
RECT 76 248 112 260 3
RECT 815 971 829 983 6
RECT 734 923 746 936 0
RECT 111 47 127 58 4
RECT 922 405 936 416 6
RECT 100 234 112 245 3
RECT 664 68 676 79 6
RECT 747 980 759 991 6
RECT 627 68 638 79 6
RECT 38 756 75 766 1
RECT 502 21 534 31 6
RECT 6 762 16 777 1
RECT 84 235 98 245 6
RECT 897 405 911 415 6
RECT 275 155 285 166 4
RECT 675 887 685 897 3
RECT 38 220 75 229 1
RECT 38 261 75 270 1
RECT 76 555 112 564 3
RECT 971 432 996 441 0
RECT 94 683 103 705 4
RECT 54 768 75 777 1
RECT 38 803 47 824 1
RECT 515 636 524 653 0
RECT 874 425 889 434 6
RECT 783 923 796 932 1
RECT 779 984 792 993 6
RECT 97 199 109 208 0
RECT 248 836 258 845 6
RECT 66 627 75 636 1
RECT 80 790 112 798 3
RECT 53 652 61 674 0
RECT 565 934 585 942 0
RECT 979 795 992 803 0
RECT 62 804 75 812 1
RECT 22 743 35 751 5
RECT 98 85 110 93 3
RECT 152 717 164 725 3
RECT 411 960 419 972 1
RECT 411 981 419 993 1
RECT 31 676 42 684 4
RECT 261 0 270 8 0
RECT 595 61 604 69 4
RECT 617 887 674 894 1
RECT 761 390 803 397 0
RECT 124 488 161 495 6
RECT 78 172 112 179 3
RECT 160 689 192 696 1
RECT 124 298 151 305 6
RECT 38 649 45 674 0
RECT 971 36 978 61 1
RECT 26 440 47 447 0
RECT 964 28 985 35 1
RECT 467 261 488 268 5
RECT 348 386 368 393 0
RECT 76 292 96 299 3
RECT 908 28 926 35 1
RECT 908 39 926 46 1
RECT 104 468 122 475 4
RECT 763 979 776 986 6
RECT 662 975 674 982 1
RECT 33 851 40 863 1
RECT 734 937 745 944 0
RECT 213 598 223 605 5
RECT 981 575 988 585 7
RECT 302 100 311 107 1
RECT 165 58 174 65 4
RECT 240 551 249 558 4
RECT 6 754 15 761 5
RECT 989 576 996 585 0
RECT 116 657 124 664 1
RECT 76 333 84 340 3
RECT 691 888 698 896 0
RECT 300 68 307 76 1
RECT 971 783 978 791 1
RECT 289 855 296 863 1
RECT 364 970 371 978 1
RECT 300 82 307 89 1
RECT 323 115 330 122 3
RECT 38 296 75 302 1
RECT 76 396 112 402 3
RECT 953 28 959 61 1
RECT 124 690 156 696 1
RECT 207 59 239 65 3
RECT 515 694 542 700 0
RECT 515 719 539 725 0
RECT 90 959 112 965 3
RECT 124 676 145 682 1
RECT 979 813 999 819 0
RECT 92 966 112 972 3
RECT 32 971 50 977 1
RECT 976 564 993 570 7
RECT 111 63 127 69 4
RECT 641 717 656 723 0
RECT 95 94 110 100 3
RECT 76 627 91 633 3
RECT 305 529 319 535 4
RECT 322 481 335 487 4
RECT 266 785 278 791 4
RECT 748 969 760 975 6
RECT 763 987 775 993 6
RECT 670 43 676 55 5
RECT 213 137 224 143 0
RECT 76 638 87 644 3
RECT 627 49 638 55 5
RECT 76 234 82 245 3
RECT 931 36 937 46 1
RECT 990 36 999 42 1
RECT 911 360 920 366 3
RECT 906 899 915 905 3
RECT 202 600 211 606 4
RECT 61 961 67 970 1
RECT 242 384 248 393 4
RECT 286 684 294 690 0
RECT 971 754 979 760 0
RECT 970 792 978 798 1
RECT 363 979 371 985 1
RECT 244 57 252 63 3
RECT 717 360 725 366 3
RECT 251 596 259 602 5
RECT 970 717 978 723 7
RECT 43 329 49 337 1
RECT 308 68 314 76 3
RECT 216 369 222 377 6
RECT 908 47 915 53 1
RECT 76 267 83 273 3
RECT 76 282 83 288 3
RECT 242 534 249 540 4
RECT 931 54 937 61 1
RECT 199 965 205 972 1
RECT 308 82 314 89 3
RECT 352 115 358 122 3
RECT 411 697 417 704 4
RECT 304 15 310 21 0
RECT 218 26 224 32 0
RECT 46 668 52 674 1
RECT 370 422 376 428 7
RECT 515 674 569 679 0
RECT 515 683 566 688 0
RECT 627 56 676 61 7
RECT 76 579 112 584 3
RECT 124 291 159 296 6
RECT 76 58 110 63 3
RECT 38 745 68 750 1
RECT 703 922 733 927 3
RECT 735 871 761 876 1
RECT 10 7 35 12 0
RECT 639 62 663 67 6
RECT 639 68 663 73 7
RECT 26 434 49 439 0
RECT 207 72 229 77 3
RECT 564 928 585 933 0
RECT 245 68 250 89 3
RECT 348 395 368 400 0
RECT 244 94 264 99 3
RECT 244 109 264 114 3
RECT 426 103 445 108 0
RECT 93 973 112 978 3
RECT 476 95 495 100 6
RECT 32 954 50 959 1
RECT 32 963 50 968 1
RECT 53 980 71 985 1
RECT 53 989 71 994 1
RECT 94 885 112 890 3
RECT 399 269 417 274 4
RECT 202 431 220 436 6
RECT 202 462 220 467 6
RECT 124 452 129 470 6
RECT 111 72 127 77 4
RECT 928 907 942 912 3
RECT 364 222 378 227 4
RECT 331 404 345 409 4
RECT 62 306 75 311 1
RECT 954 779 967 784 1
RECT 62 819 75 824 1
RECT 243 17 248 30 0
RECT 911 580 923 585 0
RECT 750 923 762 928 0
RECT 766 934 778 939 0
RECT 766 942 778 947 0
RECT 63 332 75 337 1
RECT 266 779 278 784 3
RECT 903 574 915 579 7
RECT 260 779 265 791 1
RECT 646 43 657 48 6
RECT 646 74 657 79 6
RECT 372 294 377 304 1
RECT 969 580 978 585 0
RECT 251 77 260 82 1
RECT 969 805 978 810 1
RECT 825 715 834 720 4
RECT 804 493 813 498 5
RECT 735 965 744 970 6
RECT 416 851 425 856 7
RECT 973 773 978 782 1
RECT 296 48 301 57 3
RECT 296 99 301 108 3
RECT 124 409 129 418 6
RECT 124 441 129 450 6
RECT 67 67 75 72 1
RECT 432 761 440 766 1
RECT 370 690 378 695 6
RECT 216 121 221 129 1
RECT 294 68 299 76 3
RECT 76 85 81 93 3
RECT 15 899 20 907 4
RECT 954 571 959 579 7
RECT 194 612 201 617 0
RECT 807 668 814 673 0
RECT 921 271 928 276 1
RECT 849 347 856 352 1
RECT 712 634 719 639 1
RECT 444 964 451 969 1
RECT 620 994 627 999 1
RECT 624 514 631 519 3
RECT 343 518 350 523 4
RECT 965 675 972 680 4
RECT 719 442 724 449 0
RECT 294 82 299 89 3
RECT 725 442 730 449 3
RECT 419 697 424 704 4
RECT 217 333 222 340 6
RECT 670 62 676 67 0
RECT 639 74 645 79 0
RECT 639 43 645 48 1
RECT 38 67 44 72 1
RECT 297 859 303 864 3
RECT 279 560 285 565 4
RECT 408 585 414 590 4
RECT 940 579 946 584 7
RECT 372 396 377 402 0
RECT 239 684 244 690 0
RECT 76 275 81 281 3
RECT 664 49 669 55 4
RECT 41 251 46 257 4
RECT 180 650 185 656 4
RECT 574 895 579 901 4
RECT 646 49 651 55 5
RECT 658 49 663 55 5
RECT 109 657 114 663 5
RECT 627 62 632 67 0
RECT 658 74 663 79 0
RECT 264 518 269 523 0
RECT 658 43 663 48 1
RECT 633 62 638 67 1
RECT 664 62 669 67 1
RECT 652 196 657 201 1
RECT 662 926 667 931 1
RECT 642 960 647 965 1
RECT 719 367 724 372 3
RECT 239 276 244 281 4
RECT 245 507 250 512 4
RECT 627 43 632 48 5
RECT 219 419 224 424 5
RECT 633 43 638 48 6
RECT 664 43 669 48 6
RECT 493 0 498 5 7
RECT 20 63 25 68 7
RECT 515 665 571 669 0
RECT 280 555 330 559 4
RECT 118 0 122 42 3
RECT 849 435 889 439 6
RECT 897 417 936 421 6
RECT 532 63 569 67 1
RECT 38 416 75 420 1
RECT 38 785 75 789 1
RECT 76 145 112 149 3
RECT 38 751 73 755 1
RECT 150 585 185 589 4
RECT 699 893 733 897 3
RECT 700 909 733 913 3
RECT 405 835 436 839 3
RECT 924 877 953 881 6
RECT 540 430 568 434 1
RECT 387 540 415 544 4
RECT 48 239 75 243 1
RECT 308 709 335 713 3
RECT 388 535 414 539 4
RECT 952 839 978 843 6
RECT 953 855 978 859 6
RECT 717 157 741 161 0
RECT 954 860 978 864 6
RECT 955 865 978 869 6
RECT 563 923 585 927 0
RECT 76 307 97 311 3
RECT 299 165 320 169 4
RECT 802 886 823 890 5
RECT 315 68 319 89 1
RECT 294 77 314 81 3
RECT 273 871 293 875 6
RECT 958 873 978 877 6
RECT 857 157 876 161 0
RECT 732 737 751 741 5
RECT 959 878 978 882 6
RECT 255 147 274 151 7
RECT 76 300 94 304 3
RECT 94 711 112 715 3
RECT 94 761 112 765 3
RECT 111 93 129 97 4
RECT 400 420 418 424 4
RECT 928 574 946 578 7
RECT 363 270 379 274 4
RECT 234 515 250 519 4
RECT 280 544 296 548 4
RECT 519 526 523 542 0
RECT 641 659 656 663 0
RECT 658 101 673 105 3
RECT 928 902 943 906 3
RECT 232 220 247 224 4
RECT 874 412 889 416 6
RECT 642 654 656 658 0
RECT 69 726 83 730 0
RECT 69 746 83 750 0
RECT 99 746 113 750 0
RECT 800 922 814 926 1
RECT 244 103 258 107 3
RECT 948 908 962 912 3
RECT 157 315 171 319 6
RECT 763 240 777 244 7
RECT 954 566 968 570 7
RECT 414 862 428 866 7
RECT 887 336 891 350 0
RECT 182 0 195 4 0
RECT 271 684 284 688 0
RECT 47 256 60 260 1
RECT 62 315 75 319 1
RECT 577 329 590 333 1
RECT 940 888 953 892 1
RECT 78 160 91 164 3
RECT 907 370 920 374 3
RECT 364 228 377 232 4
RECT 168 591 181 595 4
RECT 168 603 181 607 4
RECT 202 422 215 426 6
RECT 356 618 360 631 0
RECT 680 529 692 533 0
RECT 883 134 895 138 1
RECT 77 204 89 208 1
RECT 695 964 707 968 1
RECT 76 761 88 765 3
RECT 326 866 338 870 3
RECT 120 132 132 136 6
RECT 781 979 793 983 6
RECT 38 12 49 16 1
RECT 572 100 583 104 1
RECT 64 124 75 128 1
RECT 64 396 75 400 1
RECT 663 961 674 965 1
RECT 928 888 939 892 3
RECT 807 891 818 895 5
RECT 415 857 426 861 7
RECT 51 307 61 311 0
RECT 830 334 840 338 0
RECT 141 888 151 892 0
RECT 465 187 475 191 1
RECT 892 341 902 345 1
RECT 968 814 978 818 1
RECT 664 953 674 957 1
RECT 78 166 88 170 3
RECT 389 421 399 425 3
RECT 322 476 332 480 4
RECT 180 530 190 534 4
RECT 150 598 160 602 4
RECT 72 699 82 703 4
RECT 721 538 731 542 6
RECT 255 302 265 306 7
RECT 866 130 870 140 1
RECT 988 926 992 936 1
RECT 670 989 674 999 1
RECT 595 113 599 123 3
RECT 74 721 83 725 0
RECT 99 721 108 725 0
RECT 74 751 83 755 0
RECT 99 751 108 755 0
RECT 845 943 854 947 0
RECT 66 132 75 136 1
RECT 66 208 75 212 1
RECT 26 769 35 773 1
RECT 99 731 108 735 3
RECT 99 741 108 745 3
RECT 165 68 174 72 4
RECT 344 455 353 459 4
RECT 213 503 222 507 4
RECT 150 603 159 607 4
RECT 99 736 108 740 4
RECT 363 486 372 490 5
RECT 802 876 811 880 5
RECT 525 12 534 16 6
RECT 10 182 19 186 6
RECT 430 416 439 420 6
RECT 721 543 730 547 6
RECT 461 730 465 739 0
RECT 4 880 8 889 0
RECT 71 617 75 626 1
RECT 499 673 503 682 1
RECT 89 721 93 730 1
RECT 38 768 42 777 1
RECT 618 930 622 939 1
RECT 389 426 393 435 3
RECT 818 617 822 626 3
RECT 504 673 508 682 3
RECT 84 721 88 730 3
RECT 94 721 98 730 3
RECT 471 730 475 739 3
RECT 84 746 88 755 3
RECT 94 746 98 755 3
RECT 544 218 548 227 4
RECT 466 730 470 739 5
RECT 251 680 259 684 0
RECT 67 116 75 120 1
RECT 907 140 915 144 1
RECT 100 277 108 281 1
RECT 67 440 75 444 1
RECT 102 73 110 77 3
RECT 104 163 112 167 3
RECT 78 462 86 466 3
RECT 104 716 112 720 3
RECT 318 716 326 720 3
RECT 104 756 112 760 3
RECT 104 914 112 918 3
RECT 342 555 350 559 4
RECT 213 571 221 575 4
RECT 576 241 584 245 7
RECT 613 556 621 560 7
RECT 798 881 806 885 7
RECT 857 344 861 352 0
RECT 38 712 42 720 1
RECT 124 400 128 408 6
RECT 43 215 50 219 0
RECT 787 341 794 345 0
RECT 240 404 247 408 0
RECT 579 902 586 906 0
RECT 37 984 44 988 0
RECT 38 116 45 120 1
RECT 980 745 987 749 1
RECT 633 923 640 927 1
RECT 341 990 348 994 1
RECT 496 990 503 994 1
RECT 120 575 127 579 3
RECT 76 731 83 735 3
RECT 76 741 83 745 3
RECT 281 857 288 861 3
RECT 214 363 221 367 6
RECT 865 344 869 351 0
RECT 844 346 848 353 0
RECT 975 167 979 174 1
RECT 518 457 522 464 1
RECT 461 628 465 635 1
RECT 491 628 495 635 1
RECT 488 818 492 825 1
RECT 312 49 316 56 3
RECT 312 100 316 107 3
RECT 395 426 399 433 3
RECT 493 818 497 825 3
RECT 152 300 158 304 0
RECT 225 420 231 424 0
RECT 973 427 979 431 0
RECT 69 142 75 146 1
RECT 69 215 75 219 1
RECT 69 254 75 258 1
RECT 686 590 692 594 1
RECT 461 662 467 666 1
RECT 52 937 58 941 1
RECT 217 937 223 941 1
RECT 325 125 331 129 3
RECT 351 125 357 129 3
RECT 712 442 718 446 3
RECT 304 684 310 688 3
RECT 113 103 119 107 4
RECT 396 701 402 705 4
RECT 88 222 94 226 6
RECT 765 970 771 974 6
RECT 12 63 18 67 7
RECT 577 525 583 529 7
RECT 437 684 443 688 7
RECT 253 23 257 29 0
RECT 492 536 496 542 0
RECT 934 579 938 585 0
RECT 173 747 177 753 0
RECT 882 339 886 345 1
RECT 906 528 910 534 1
RECT 32 814 36 820 1
RECT 235 750 239 756 3
RECT 738 976 742 982 6
RECT 58 215 63 219 0
RECT 777 218 782 222 0
RECT 213 657 218 661 0
RECT 42 855 47 859 0
RECT 959 171 964 175 1
RECT 651 204 656 208 1
RECT 892 336 897 340 1
RECT 45 984 50 988 1
RECT 32 995 37 999 1
RECT 107 219 112 223 3
RECT 94 488 99 492 3
RECT 626 520 631 524 3
RECT 107 681 112 685 3
RECT 87 699 92 703 3
RECT 76 804 81 808 3
RECT 379 300 384 304 4
RECT 154 592 159 596 4
RECT 446 704 451 708 4
RECT 584 870 589 874 4
RECT 239 12 244 16 6
RECT 144 207 149 211 6
RECT 216 353 221 357 6
RECT 124 422 129 426 6
RECT 902 801 907 805 7
RECT 0 332 4 337 0
RECT 46 95 50 100 1
RECT 852 341 856 346 1
RECT 839 342 843 347 1
RECT 611 522 615 527 1
RECT 38 634 42 639 1
RECT 10 856 14 861 1
RECT 943 907 947 912 1
RECT 704 323 708 328 3
RECT 356 290 360 295 4
RECT 414 429 418 434 4
RECT 411 461 415 466 4
RECT 204 570 208 575 4
RECT 238 26 242 31 6
RECT 14 77 18 82 7
RECT 240 203 244 208 7
RECT 254 4 258 8 0
RECT 498 7 502 11 0
RECT 857 337 861 341 0
RECT 559 384 563 388 0
RECT 458 596 462 600 0
RECT 79 716 83 720 0
RECT 99 716 103 720 0
RECT 79 756 83 760 0
RECT 99 756 103 760 0
RECT 871 766 875 770 0
RECT 886 766 890 770 0
RECT 747 881 751 885 0
RECT 53 142 57 146 1
RECT 59 142 63 146 1
RECT 54 281 58 285 1
RECT 45 364 49 368 1
RECT 874 367 878 371 1
RECT 595 523 599 527 1
RECT 183 856 187 860 1
RECT 0 857 4 861 1
RECT 17 857 21 861 1
RECT 662 921 666 925 1
RECT 53 966 57 970 1
RECT 32 984 36 988 1
RECT 615 114 619 118 3
RECT 896 363 900 367 3
RECT 484 420 488 424 3
RECT 601 489 605 493 3
RECT 924 585 928 589 3
RECT 306 716 310 720 3
RECT 675 929 679 933 3
RECT 71 933 75 937 3
RECT 82 937 86 941 3
RECT 295 12 299 16 4
RECT 149 240 153 244 4
RECT 862 384 866 388 4
RECT 833 396 837 400 4
RECT 248 491 252 495 4
RECT 175 509 179 513 4
RECT 807 420 811 424 5
RECT 310 536 314 540 5
RECT 807 881 811 885 5
RECT 72 966 76 970 5
RECT 927 137 931 141 6
RECT 144 212 148 216 6
RECT 968 255 972 259 6
RECT 798 267 802 271 6
RECT 176 327 180 331 6
RECT 196 327 200 331 6
RECT 176 364 180 368 6
RECT 176 383 180 387 6
RECT 196 383 200 387 6
RECT 584 849 588 853 6
RECT 897 948 901 952 6
RECT 20 77 24 81 7
RECT 51 481 55 485 7
RECT 310 519 314 523 7
RECT 579 530 583 534 7
JOKER 990 900 999 909
JOKER 990 780 999 789
JOKER 990 590 999 599
JOKER 990 550 999 559
JOKER 990 540 999 549
JOKER 990 510 999 519
JOKER 990 500 999 509
JOKER 990 480 999 489
JOKER 990 470 999 479
JOKER 990 460 999 469
JOKER 990 450 999 459
JOKER 990 420 999 429
JOKER 990 0 999 9
JOKER 980 780 989 789
JOKER 980 680 989 689
JOKER 980 670 989 679
JOKER 980 660 989 669
JOKER 980 650 989 659
JOKER 980 590 989 599
JOKER 980 500 989 509
JOKER 980 470 989 479
JOKER 980 460 989 469
JOKER 980 450 989 459
JOKER 970 930 979 939
JOKER 970 740 979 749
JOKER 970 730 979 739
JOKER 970 690 979 699
JOKER 970 660 979 669
JOKER 970 650 979 659
JOKER 970 640 979 649
JOKER 970 630 979 639
JOKER 970 590 979 599
JOKER 970 450 979 459
JOKER 960 820 969 829
JOKER 960 790 969 799
JOKER 960 740 969 749
JOKER 960 730 969 739
JOKER 960 660 969 669
JOKER 960 650 969 659
JOKER 960 640 969 649
JOKER 960 630 969 639
JOKER 960 600 969 609
JOKER 960 590 969 599
JOKER 950 820 959 829
JOKER 950 810 959 819
JOKER 950 800 959 809
JOKER 950 790 959 799
JOKER 950 740 959 749
JOKER 950 730 959 739
JOKER 950 720 959 729
JOKER 950 670 959 679
JOKER 950 660 959 669
JOKER 950 650 959 659
JOKER 950 640 959 649
JOKER 950 590 959 599
JOKER 950 580 959 589
JOKER 950 550 959 559
JOKER 940 860 949 869
JOKER 940 850 949 859
JOKER 940 840 949 849
JOKER 940 830 949 839
JOKER 940 820 949 829
JOKER 940 810 949 819
JOKER 940 800 949 809
JOKER 940 790 949 799
JOKER 940 780 949 789
JOKER 940 750 949 759
JOKER 940 740 949 749
JOKER 940 730 949 739
JOKER 940 720 949 729
JOKER 940 590 949 599
JOKER 940 560 949 569
JOKER 940 550 949 559
JOKER 940 540 949 549
JOKER 930 970 939 979
JOKER 930 860 939 869
JOKER 930 850 939 859
JOKER 930 840 939 849
JOKER 930 830 939 839
JOKER 930 820 939 829
JOKER 930 810 939 819
JOKER 930 800 939 809
JOKER 930 790 939 799
JOKER 930 780 939 789
JOKER 930 770 939 779
JOKER 930 760 939 769
JOKER 930 750 939 759
JOKER 930 740 939 749
JOKER 930 730 939 739
JOKER 930 720 939 729
JOKER 930 590 939 599
JOKER 920 970 929 979
JOKER 920 820 929 829
JOKER 920 810 929 819
JOKER 920 800 929 809
JOKER 920 790 929 799
JOKER 920 780 929 789
JOKER 920 770 929 779
JOKER 920 760 929 769
JOKER 920 680 929 689
JOKER 920 670 929 679
JOKER 920 590 929 599
JOKER 920 120 929 129
JOKER 910 970 919 979
JOKER 910 820 919 829
JOKER 910 810 919 819
JOKER 910 800 919 809
JOKER 910 790 919 799
JOKER 910 780 919 789
JOKER 910 770 919 779
JOKER 910 760 919 769
JOKER 910 670 919 679
JOKER 910 590 919 599
JOKER 910 560 919 569
JOKER 910 380 919 389
JOKER 910 350 919 359
JOKER 910 110 919 119
JOKER 910 100 919 109
JOKER 910 90 919 99
JOKER 900 970 909 979
JOKER 900 810 909 819
JOKER 900 790 909 799
JOKER 900 780 909 789
JOKER 900 770 909 779
JOKER 900 760 909 769
JOKER 900 590 909 599
JOKER 900 580 909 589
JOKER 900 560 909 569
JOKER 900 390 909 399
JOKER 900 380 909 389
JOKER 900 350 909 359
JOKER 900 110 909 119
JOKER 900 100 909 109
JOKER 900 90 909 99
JOKER 900 80 909 89
JOKER 900 70 909 79
JOKER 890 970 899 979
JOKER 890 810 899 819
JOKER 890 800 899 809
JOKER 890 790 899 799
JOKER 890 780 899 789
JOKER 890 750 899 759
JOKER 890 740 899 749
JOKER 890 720 899 729
JOKER 890 690 899 699
JOKER 890 500 899 509
JOKER 890 390 899 399
JOKER 890 380 899 389
JOKER 890 370 899 379
JOKER 890 240 899 249
JOKER 890 110 899 119
JOKER 890 100 899 109
JOKER 890 90 899 99
JOKER 890 80 899 89
JOKER 890 70 899 79
JOKER 880 810 889 819
JOKER 880 800 889 809
JOKER 880 790 889 799
JOKER 880 780 889 789
JOKER 880 690 889 699
JOKER 880 610 889 619
JOKER 880 490 889 499
JOKER 880 400 889 409
JOKER 880 390 889 399
JOKER 880 380 889 389
JOKER 880 370 889 379
JOKER 880 360 889 369
JOKER 880 320 889 329
JOKER 880 250 889 259
JOKER 880 240 889 249
JOKER 880 110 889 119
JOKER 880 100 889 109
JOKER 880 90 889 99
JOKER 880 80 889 89
JOKER 880 70 889 79
JOKER 870 810 879 819
JOKER 870 800 879 809
JOKER 870 790 879 799
JOKER 870 780 879 789
JOKER 870 560 879 569
JOKER 870 440 879 449
JOKER 870 400 879 409
JOKER 870 390 879 399
JOKER 870 380 879 389
JOKER 870 350 879 359
JOKER 870 340 879 349
JOKER 870 100 879 109
JOKER 860 440 869 449
JOKER 860 420 869 429
JOKER 860 400 869 409
JOKER 860 390 869 399
JOKER 860 370 869 379
JOKER 860 360 869 369
JOKER 860 320 869 329
JOKER 850 810 859 819
JOKER 850 680 859 689
JOKER 850 610 859 619
JOKER 850 600 859 609
JOKER 850 590 859 599
JOKER 850 410 859 419
JOKER 850 400 859 409
JOKER 850 390 859 399
JOKER 850 380 859 389
JOKER 850 370 859 379
JOKER 850 360 859 369
JOKER 850 170 859 179
JOKER 840 750 849 759
JOKER 840 740 849 749
JOKER 840 720 849 729
JOKER 840 710 849 719
JOKER 840 700 849 709
JOKER 840 680 849 689
JOKER 840 620 849 629
JOKER 840 610 849 619
JOKER 840 600 849 609
JOKER 840 590 849 599
JOKER 840 580 849 589
JOKER 840 390 849 399
JOKER 840 380 849 389
JOKER 840 370 849 379
JOKER 840 360 849 369
JOKER 840 260 849 269
JOKER 840 230 849 239
JOKER 840 220 849 229
JOKER 840 170 849 179
JOKER 830 760 839 769
JOKER 830 750 839 759
JOKER 830 740 839 749
JOKER 830 730 839 739
JOKER 830 630 839 639
JOKER 830 620 839 629
JOKER 830 610 839 619
JOKER 830 600 839 609
JOKER 830 590 839 599
JOKER 830 580 839 589
JOKER 830 380 839 389
JOKER 830 370 839 379
JOKER 830 360 839 369
JOKER 830 350 839 359
JOKER 830 280 839 289
JOKER 830 270 839 279
JOKER 830 260 839 269
JOKER 830 230 839 239
JOKER 830 220 839 229
JOKER 830 170 839 179
JOKER 830 140 839 149
JOKER 820 960 829 969
JOKER 820 940 829 949
JOKER 820 930 829 939
JOKER 820 820 829 829
JOKER 820 810 829 819
JOKER 820 760 829 769
JOKER 820 750 829 759
JOKER 820 740 829 749
JOKER 820 600 829 609
JOKER 820 590 829 599
JOKER 820 580 829 589
JOKER 820 500 829 509
JOKER 820 390 829 399
JOKER 820 380 829 389
JOKER 820 370 829 379
JOKER 820 360 829 369
JOKER 820 350 829 359
JOKER 820 340 829 349
JOKER 820 280 829 289
JOKER 820 270 829 279
JOKER 820 260 829 269
JOKER 820 170 829 179
JOKER 820 140 829 149
JOKER 810 820 819 829
JOKER 810 810 819 819
JOKER 810 780 819 789
JOKER 810 390 819 399
JOKER 810 380 819 389
JOKER 810 370 819 379
JOKER 810 360 819 369
JOKER 810 350 819 359
JOKER 810 340 819 349
JOKER 810 280 819 289
JOKER 810 270 819 279
JOKER 810 260 819 269
JOKER 800 950 809 959
JOKER 800 940 809 949
JOKER 800 930 809 939
JOKER 800 790 809 799
JOKER 800 780 809 789
JOKER 800 450 809 459
JOKER 800 410 809 419
JOKER 800 380 809 389
JOKER 800 370 809 379
JOKER 800 360 809 369
JOKER 800 350 809 359
JOKER 800 340 809 349
JOKER 800 280 809 289
JOKER 790 950 799 959
JOKER 790 940 799 949
JOKER 790 850 799 859
JOKER 790 790 799 799
JOKER 790 780 799 789
JOKER 790 380 799 389
JOKER 790 370 799 379
JOKER 790 360 799 369
JOKER 790 350 799 359
JOKER 780 950 789 959
JOKER 780 750 789 759
JOKER 780 380 789 389
JOKER 780 370 789 379
JOKER 780 360 789 369
JOKER 780 350 789 359
JOKER 770 950 779 959
JOKER 770 920 779 929
JOKER 770 490 779 499
JOKER 770 480 779 489
JOKER 770 450 779 459
JOKER 770 410 779 419
JOKER 770 400 779 409
JOKER 770 380 779 389
JOKER 770 370 779 379
JOKER 770 360 779 369
JOKER 770 350 779 359
JOKER 770 340 779 349
JOKER 760 450 769 459
JOKER 760 380 769 389
JOKER 760 370 769 379
JOKER 760 360 769 369
JOKER 760 350 769 359
JOKER 760 340 769 349
JOKER 760 230 769 239
JOKER 750 940 759 949
JOKER 750 930 759 939
JOKER 750 910 759 919
JOKER 750 860 759 869
JOKER 750 850 759 859
JOKER 750 610 759 619
JOKER 750 370 759 379
JOKER 750 360 759 369
JOKER 750 240 759 249
JOKER 750 230 759 239
JOKER 750 220 759 229
JOKER 750 210 759 219
JOKER 740 950 749 959
JOKER 740 910 749 919
JOKER 740 900 749 909
JOKER 740 860 749 869
JOKER 740 850 749 859
JOKER 740 680 749 689
JOKER 740 600 749 609
JOKER 740 540 749 549
JOKER 740 380 749 389
JOKER 740 230 749 239
JOKER 740 220 749 229
JOKER 730 950 739 959
JOKER 730 680 739 689
JOKER 730 630 739 639
JOKER 730 600 739 609
JOKER 730 380 739 389
JOKER 730 360 739 369
JOKER 730 350 739 359
JOKER 730 10 739 19
JOKER 720 940 729 949
JOKER 720 930 729 939
JOKER 720 670 729 679
JOKER 720 660 729 669
JOKER 720 640 729 649
JOKER 720 630 729 639
JOKER 720 620 729 629
JOKER 720 410 729 419
JOKER 720 400 729 409
JOKER 720 140 729 149
JOKER 720 130 729 139
JOKER 720 10 729 19
JOKER 710 930 719 939
JOKER 710 670 719 679
JOKER 710 660 719 669
JOKER 710 650 719 659
JOKER 710 640 719 649
JOKER 710 620 719 629
JOKER 710 480 719 489
JOKER 710 410 719 419
JOKER 710 400 719 409
JOKER 710 320 719 329
JOKER 710 40 719 49
JOKER 710 30 719 39
JOKER 710 20 719 29
JOKER 710 10 719 19
JOKER 710 0 719 9
JOKER 700 990 709 999
JOKER 700 930 709 939
JOKER 700 660 709 669
JOKER 700 630 709 639
JOKER 700 620 709 629
JOKER 700 480 709 489
JOKER 700 410 709 419
JOKER 700 400 709 409
JOKER 700 330 709 339
JOKER 700 250 709 259
JOKER 700 230 709 239
JOKER 700 140 709 149
JOKER 700 20 709 29
JOKER 700 10 709 19
JOKER 700 0 709 9
JOKER 690 990 699 999
JOKER 690 980 699 989
JOKER 690 940 699 949
JOKER 690 930 699 939
JOKER 690 920 699 929
JOKER 690 910 699 919
JOKER 690 900 699 909
JOKER 690 650 699 659
JOKER 690 640 699 649
JOKER 690 630 699 639
JOKER 690 620 699 629
JOKER 690 350 699 359
JOKER 690 340 699 349
JOKER 690 250 699 259
JOKER 690 240 699 249
JOKER 690 230 699 239
JOKER 690 140 699 149
JOKER 690 10 699 19
JOKER 680 990 689 999
JOKER 680 980 689 989
JOKER 680 970 689 979
JOKER 680 960 689 969
JOKER 680 950 689 959
JOKER 680 930 689 939
JOKER 680 920 689 929
JOKER 680 910 689 919
JOKER 680 900 689 909
JOKER 680 690 689 699
JOKER 680 650 689 659
JOKER 680 640 689 649
JOKER 680 630 689 639
JOKER 680 480 689 489
JOKER 680 370 689 379
JOKER 680 250 689 259
JOKER 680 240 689 249
JOKER 680 230 689 239
JOKER 680 220 689 229
JOKER 670 910 679 919
JOKER 670 900 679 909
JOKER 670 750 679 759
JOKER 670 420 679 429
JOKER 670 410 679 419
JOKER 670 400 679 409
JOKER 670 370 679 379
JOKER 670 350 679 359
JOKER 670 340 679 349
JOKER 660 990 669 999
JOKER 660 940 669 949
JOKER 660 910 669 919
JOKER 660 900 669 909
JOKER 660 450 669 459
JOKER 660 440 669 449
JOKER 660 430 669 439
JOKER 660 420 669 429
JOKER 660 410 669 419
JOKER 660 400 669 409
JOKER 660 370 669 379
JOKER 660 360 669 369
JOKER 660 350 669 359
JOKER 660 340 669 349
JOKER 660 330 669 339
JOKER 660 20 669 29
JOKER 650 990 659 999
JOKER 650 980 659 989
JOKER 650 970 659 979
JOKER 650 960 659 969
JOKER 650 950 659 959
JOKER 650 940 659 949
JOKER 650 930 659 939
JOKER 650 920 659 929
JOKER 650 910 659 919
JOKER 650 900 659 909
JOKER 650 450 659 459
JOKER 650 440 659 449
JOKER 650 430 659 439
JOKER 650 370 659 379
JOKER 650 360 659 369
JOKER 650 350 659 359
JOKER 640 990 649 999
JOKER 640 980 649 989
JOKER 640 970 649 979
JOKER 640 950 649 959
JOKER 640 940 649 949
JOKER 640 930 649 939
JOKER 640 910 649 919
JOKER 640 900 649 909
JOKER 640 370 649 379
JOKER 640 360 649 369
JOKER 640 350 649 359
JOKER 630 990 639 999
JOKER 630 980 639 989
JOKER 630 970 639 979
JOKER 630 940 639 949
JOKER 630 930 639 939
JOKER 630 910 639 919
JOKER 630 900 639 909
JOKER 630 430 639 439
JOKER 630 370 639 379
JOKER 630 360 639 369
JOKER 630 350 639 359
JOKER 630 340 639 349
JOKER 630 290 639 299
JOKER 620 940 629 949
JOKER 620 920 629 929
JOKER 620 910 629 919
JOKER 620 870 629 879
JOKER 620 430 629 439
JOKER 620 420 629 429
JOKER 620 410 629 419
JOKER 620 370 629 379
JOKER 620 350 629 359
JOKER 610 990 619 999
JOKER 610 540 619 549
JOKER 610 530 619 539
JOKER 610 510 619 519
JOKER 610 500 619 509
JOKER 610 490 619 499
JOKER 610 430 619 439
JOKER 610 420 619 429
JOKER 610 220 619 229
JOKER 600 990 609 999
JOKER 600 570 609 579
JOKER 600 560 609 569
JOKER 600 550 609 559
JOKER 600 540 609 549
JOKER 600 530 609 539
JOKER 600 510 609 519
JOKER 600 500 609 509
JOKER 600 430 609 439
JOKER 600 420 609 429
JOKER 600 300 609 309
JOKER 600 220 609 229
JOKER 600 130 609 139
JOKER 600 20 609 29
JOKER 600 10 609 19
JOKER 600 0 609 9
JOKER 590 990 599 999
JOKER 590 570 599 579
JOKER 590 560 599 569
JOKER 590 550 599 559
JOKER 590 540 599 549
JOKER 590 530 599 539
JOKER 590 510 599 519
JOKER 590 500 599 509
JOKER 590 490 599 499
JOKER 590 430 599 439
JOKER 590 420 599 429
JOKER 590 410 599 419
JOKER 590 50 599 59
JOKER 590 20 599 29
JOKER 590 10 599 19
JOKER 580 990 589 999
JOKER 580 880 589 889
JOKER 580 830 589 839
JOKER 580 570 589 579
JOKER 580 560 589 569
JOKER 580 510 589 519
JOKER 580 500 589 509
JOKER 580 490 589 499
JOKER 580 430 589 439
JOKER 580 420 589 429
JOKER 580 410 589 419
JOKER 580 370 589 379
JOKER 580 300 589 309
JOKER 570 970 579 979
JOKER 570 960 579 969
JOKER 570 950 579 959
JOKER 570 910 579 919
JOKER 570 880 579 889
JOKER 570 870 579 879
JOKER 570 860 579 869
JOKER 570 840 579 849
JOKER 570 810 579 819
JOKER 570 510 579 519
JOKER 570 500 579 509
JOKER 570 420 579 429
JOKER 570 380 579 389
JOKER 570 370 579 379
JOKER 570 160 579 169
JOKER 570 90 579 99
JOKER 570 10 579 19
JOKER 570 0 579 9
JOKER 560 910 569 919
JOKER 560 900 569 909
JOKER 560 890 569 899
JOKER 560 880 569 889
JOKER 560 870 569 879
JOKER 560 810 569 819
JOKER 560 420 569 429
JOKER 560 390 569 399
JOKER 560 320 569 329
JOKER 560 90 569 99
JOKER 560 80 569 89
JOKER 560 50 569 59
JOKER 560 40 569 49
JOKER 560 30 569 39
JOKER 560 20 569 29
JOKER 560 10 569 19
JOKER 560 0 569 9
JOKER 550 870 559 879
JOKER 550 860 559 869
JOKER 550 390 559 399
JOKER 550 330 559 339
JOKER 550 320 559 329
JOKER 550 90 559 99
JOKER 550 80 559 89
JOKER 550 50 559 59
JOKER 550 40 559 49
JOKER 550 30 559 39
JOKER 550 20 559 29
JOKER 550 10 559 19
JOKER 550 0 559 9
JOKER 540 360 549 369
JOKER 540 320 549 329
JOKER 540 240 549 249
JOKER 540 90 549 99
JOKER 540 80 549 89
JOKER 540 50 549 59
JOKER 540 40 549 49
JOKER 540 30 549 39
JOKER 540 20 549 29
JOKER 540 10 549 19
JOKER 540 0 549 9
JOKER 530 440 539 449
JOKER 530 110 539 119
JOKER 530 100 539 109
JOKER 530 90 539 99
JOKER 530 50 539 59
JOKER 530 40 539 49
JOKER 530 0 539 9
JOKER 520 780 529 789
JOKER 520 110 529 119
JOKER 520 100 529 109
JOKER 520 90 529 99
JOKER 520 0 529 9
JOKER 510 310 519 319
JOKER 510 40 519 49
JOKER 510 10 519 19
JOKER 510 0 519 9
JOKER 500 230 509 239
JOKER 490 780 499 789
JOKER 490 230 499 239
JOKER 490 150 499 159
JOKER 490 140 499 149
JOKER 490 60 499 69
JOKER 490 40 499 49
JOKER 490 30 499 39
JOKER 490 20 499 29
JOKER 480 730 489 739
JOKER 480 300 489 309
JOKER 480 290 489 299
JOKER 480 280 489 289
JOKER 480 270 489 279
JOKER 480 230 489 239
JOKER 480 150 489 159
JOKER 480 140 489 149
JOKER 480 130 489 139
JOKER 480 30 489 39
JOKER 480 20 489 29
JOKER 480 10 489 19
JOKER 480 0 489 9
JOKER 470 550 479 559
JOKER 470 280 479 289
JOKER 470 270 479 279
JOKER 470 230 479 239
JOKER 470 160 479 169
JOKER 470 150 479 159
JOKER 470 140 479 149
JOKER 470 30 479 39
JOKER 470 20 479 29
JOKER 470 10 479 19
JOKER 470 0 479 9
JOKER 460 760 469 769
JOKER 460 750 469 759
JOKER 460 550 469 559
JOKER 460 540 469 549
JOKER 460 460 469 469
JOKER 460 440 469 449
JOKER 460 430 469 439
JOKER 460 420 469 429
JOKER 460 410 469 419
JOKER 460 400 469 409
JOKER 460 340 469 349
JOKER 460 160 469 169
JOKER 460 90 469 99
JOKER 460 30 469 39
JOKER 460 20 469 29
JOKER 460 10 469 19
JOKER 460 0 469 9
JOKER 450 780 459 789
JOKER 450 750 459 759
JOKER 450 440 459 449
JOKER 450 430 459 439
JOKER 450 420 459 429
JOKER 450 410 459 419
JOKER 450 400 459 409
JOKER 450 360 459 369
JOKER 450 30 459 39
JOKER 450 20 459 29
JOKER 450 10 459 19
JOKER 450 0 459 9
JOKER 440 800 449 809
JOKER 440 720 449 729
JOKER 440 710 449 719
JOKER 440 690 449 699
JOKER 440 670 449 679
JOKER 440 440 449 449
JOKER 440 430 449 439
JOKER 440 420 449 429
JOKER 440 410 449 419
JOKER 440 400 449 409
JOKER 440 110 449 119
JOKER 440 90 449 99
JOKER 440 80 449 89
JOKER 440 10 449 19
JOKER 440 0 449 9
JOKER 430 800 439 809
JOKER 430 790 439 799
JOKER 430 750 439 759
JOKER 430 740 439 749
JOKER 430 730 439 739
JOKER 430 720 439 729
JOKER 430 710 439 719
JOKER 430 700 439 709
JOKER 430 690 439 699
JOKER 430 670 439 679
JOKER 430 510 439 519
JOKER 430 440 439 449
JOKER 430 430 439 439
JOKER 430 400 439 409
JOKER 430 270 439 279
JOKER 430 110 439 119
JOKER 430 90 439 99
JOKER 430 80 439 89
JOKER 430 30 439 39
JOKER 430 0 439 9
JOKER 420 880 429 889
JOKER 420 840 429 849
JOKER 420 770 429 779
JOKER 420 760 429 769
JOKER 420 750 429 759
JOKER 420 730 429 739
JOKER 420 720 429 729
JOKER 420 710 429 719
JOKER 420 680 429 689
JOKER 420 670 429 679
JOKER 420 550 429 559
JOKER 420 540 429 549
JOKER 420 520 429 529
JOKER 420 510 429 519
JOKER 420 440 429 449
JOKER 420 430 429 439
JOKER 420 420 429 429
JOKER 420 410 429 419
JOKER 420 400 429 409
JOKER 420 290 429 299
JOKER 420 280 429 289
JOKER 420 270 429 279
JOKER 420 260 429 269
JOKER 420 250 429 259
JOKER 420 110 429 119
JOKER 420 90 429 99
JOKER 420 80 429 89
JOKER 420 30 429 39
JOKER 420 20 429 29
JOKER 410 880 419 889
JOKER 410 840 419 849
JOKER 410 770 419 779
JOKER 410 760 419 769
JOKER 410 750 419 759
JOKER 410 740 419 749
JOKER 410 730 419 739
JOKER 410 720 419 729
JOKER 410 710 419 719
JOKER 410 660 419 669
JOKER 410 560 419 569
JOKER 410 550 419 559
JOKER 410 520 419 529
JOKER 410 470 419 479
JOKER 410 440 419 449
JOKER 410 250 419 259
JOKER 410 90 419 99
JOKER 410 10 419 19
JOKER 410 0 419 9
JOKER 400 770 409 779
JOKER 400 760 409 769
JOKER 400 750 409 759
JOKER 400 740 409 749
JOKER 400 730 409 739
JOKER 400 720 409 729
JOKER 400 710 409 719
JOKER 400 690 409 699
JOKER 400 660 409 669
JOKER 400 650 409 659
JOKER 400 600 409 609
JOKER 400 560 409 569
JOKER 400 550 409 559
JOKER 400 460 409 469
JOKER 400 450 409 459
JOKER 400 440 409 449
JOKER 400 250 409 259
JOKER 400 100 409 109
JOKER 400 0 409 9
JOKER 390 770 399 779
JOKER 390 760 399 769
JOKER 390 750 399 759
JOKER 390 740 399 749
JOKER 390 730 399 739
JOKER 390 720 399 729
JOKER 390 710 399 719
JOKER 390 690 399 699
JOKER 390 680 399 689
JOKER 390 670 399 679
JOKER 390 660 399 669
JOKER 390 600 399 609
JOKER 390 590 399 599
JOKER 390 580 399 589
JOKER 390 560 399 569
JOKER 390 550 399 559
JOKER 390 470 399 479
JOKER 390 460 399 469
JOKER 390 450 399 459
JOKER 390 440 399 449
JOKER 390 410 399 419
JOKER 390 400 399 409
JOKER 390 250 399 259
JOKER 390 240 399 249
JOKER 390 110 399 119
JOKER 390 0 399 9
JOKER 380 770 389 779
JOKER 380 760 389 769
JOKER 380 750 389 759
JOKER 380 740 389 749
JOKER 380 730 389 739
JOKER 380 720 389 729
JOKER 380 710 389 719
JOKER 380 700 389 709
JOKER 380 690 389 699
JOKER 380 680 389 689
JOKER 380 670 389 679
JOKER 380 660 389 669
JOKER 380 650 389 659
JOKER 380 640 389 649
JOKER 380 600 389 609
JOKER 380 590 389 599
JOKER 380 580 389 589
JOKER 380 570 389 579
JOKER 380 560 389 569
JOKER 380 550 389 559
JOKER 380 520 389 529
JOKER 380 510 389 519
JOKER 380 470 389 479
JOKER 380 460 389 469
JOKER 380 410 389 419
JOKER 380 400 389 409
JOKER 380 270 389 279
JOKER 380 260 389 269
JOKER 380 250 389 259
JOKER 380 220 389 229
JOKER 380 120 389 129
JOKER 370 770 379 779
JOKER 370 760 379 769
JOKER 370 750 379 759
JOKER 370 740 379 749
JOKER 370 730 379 739
JOKER 370 720 379 729
JOKER 370 710 379 719
JOKER 370 700 379 709
JOKER 370 660 379 669
JOKER 370 650 379 659
JOKER 370 640 379 649
JOKER 370 630 379 639
JOKER 370 620 379 629
JOKER 370 610 379 619
JOKER 370 600 379 609
JOKER 370 550 379 559
JOKER 370 520 379 529
JOKER 370 510 379 519
JOKER 370 470 379 479
JOKER 370 460 379 469
JOKER 370 430 379 439
JOKER 370 410 379 419
JOKER 370 310 379 319
JOKER 370 280 379 289
JOKER 370 260 379 269
JOKER 370 250 379 259
JOKER 370 210 379 219
JOKER 370 200 379 209
JOKER 370 190 379 199
JOKER 370 120 379 129
JOKER 370 30 379 39
JOKER 370 20 379 29
JOKER 370 10 379 19
JOKER 360 770 369 779
JOKER 360 760 369 769
JOKER 360 750 369 759
JOKER 360 740 369 749
JOKER 360 730 369 739
JOKER 360 720 369 729
JOKER 360 690 369 699
JOKER 360 660 369 669
JOKER 360 650 369 659
JOKER 360 640 369 649
JOKER 360 570 369 579
JOKER 360 550 369 559
JOKER 360 520 369 529
JOKER 360 510 369 519
JOKER 360 500 369 509
JOKER 360 470 369 479
JOKER 360 460 369 469
JOKER 360 450 369 459
JOKER 360 320 369 329
JOKER 360 310 369 319
JOKER 360 300 369 309
JOKER 360 280 369 289
JOKER 360 260 369 269
JOKER 360 250 369 259
JOKER 360 240 369 249
JOKER 360 210 369 219
JOKER 360 200 369 209
JOKER 360 190 369 199
JOKER 360 180 369 189
JOKER 360 170 369 179
JOKER 360 160 369 169
JOKER 360 130 369 139
JOKER 360 120 369 129
JOKER 360 110 369 119
JOKER 360 50 369 59
JOKER 360 40 369 49
JOKER 360 30 369 39
JOKER 360 20 369 29
JOKER 350 770 359 779
JOKER 350 760 359 769
JOKER 350 750 359 759
JOKER 350 740 359 749
JOKER 350 730 359 739
JOKER 350 720 359 729
JOKER 350 640 359 649
JOKER 350 580 359 589
JOKER 350 540 359 549
JOKER 350 530 359 539
JOKER 350 500 359 509
JOKER 350 490 359 499
JOKER 350 480 359 489
JOKER 350 470 359 479
JOKER 350 320 359 329
JOKER 350 300 359 309
JOKER 350 280 359 289
JOKER 350 270 359 279
JOKER 350 260 359 269
JOKER 350 250 359 259
JOKER 350 240 359 249
JOKER 350 230 359 239
JOKER 350 220 359 229
JOKER 350 210 359 219
JOKER 350 200 359 209
JOKER 350 190 359 199
JOKER 350 180 359 189
JOKER 350 170 359 179
JOKER 350 160 359 169
JOKER 350 150 359 159
JOKER 350 140 359 149
JOKER 350 130 359 139
JOKER 350 100 359 109
JOKER 350 40 359 49
JOKER 350 30 359 39
JOKER 350 20 359 29
JOKER 340 660 349 669
JOKER 340 650 349 659
JOKER 340 640 349 649
JOKER 340 630 349 639
JOKER 340 620 349 629
JOKER 340 610 349 619
JOKER 340 600 349 609
JOKER 340 590 349 599
JOKER 340 580 349 589
JOKER 340 570 349 579
JOKER 340 560 349 569
JOKER 340 540 349 549
JOKER 340 530 349 539
JOKER 340 500 349 509
JOKER 340 490 349 499
JOKER 340 480 349 489
JOKER 340 470 349 479
JOKER 340 460 349 469
JOKER 340 440 349 449
JOKER 340 430 349 439
JOKER 340 420 349 429
JOKER 340 410 349 419
JOKER 340 300 349 309
JOKER 340 290 349 299
JOKER 340 280 349 289
JOKER 340 270 349 279
JOKER 340 250 349 259
JOKER 340 240 349 249
JOKER 340 230 349 239
JOKER 340 220 349 229
JOKER 340 210 349 219
JOKER 340 200 349 209
RECT 116 476 119 565 1
RECT 116 240 119 322 1
RECT 120 476 123 558 3
RECT 116 579 119 653 1
RECT 120 580 123 653 3
RECT 116 742 119 814 1
RECT 120 748 123 820 3
RECT 116 668 119 732 1
RECT 116 869 119 931 1
RECT 120 866 123 928 3
RECT 116 938 119 999 1
RECT 675 939 733 942 3
RECT 120 668 123 726 3
RECT 120 943 123 999 3
RECT 515 670 570 673 0
RECT 424 396 474 399 3
RECT 120 275 123 325 3
RECT 515 690 564 693 0
RECT 280 551 329 554 4
RECT 165 47 205 50 4
RECT 463 145 501 148 1
RECT 342 737 345 775 7
RECT 38 338 75 341 1
RECT 26 426 62 429 0
RECT 1 484 37 487 0
RECT 2 474 36 477 0
RECT 411 276 443 279 0
RECT 967 447 999 450 0
RECT 492 544 523 547 0
RECT 80 47 110 50 3
RECT 131 104 161 107 4
RECT 266 499 296 502 4
RECT 131 575 161 578 4
RECT 394 706 424 709 4
RECT 264 526 267 555 0
RECT 116 207 119 236 1
RECT 971 73 999 76 0
RECT 910 809 938 812 1
RECT 924 873 952 876 6
RECT 38 617 65 620 1
RECT 559 912 585 915 0
RECT 735 865 761 868 1
RECT 388 530 414 533 4
RECT 952 851 978 854 6
RECT 116 171 119 197 1
RECT 120 171 123 197 3
RECT 120 208 123 234 3
RECT 654 404 679 407 5
RECT 515 116 539 119 0
RECT 411 296 435 299 0
RECT 26 430 50 433 0
RECT 561 919 585 922 0
RECT 709 928 733 931 3
RECT 223 229 247 232 4
RECT 644 447 668 450 5
RECT 954 845 978 848 6
RECT 266 510 289 513 4
RECT 76 312 98 315 3
RECT 76 132 97 135 3
RECT 336 417 357 420 4
RECT 467 275 488 278 5
RECT 410 871 431 874 7
RECT 46 116 66 119 0
RECT 979 824 999 827 0
RECT 76 623 96 626 3
RECT 875 323 895 326 6
RECT 430 675 450 678 6
RECT 38 830 57 833 1
RECT 271 54 290 57 3
RECT 271 105 290 108 3
RECT 767 358 786 361 3
RECT 93 513 112 516 3
RECT 338 425 357 428 4
RECT 829 747 848 750 4
RECT 411 867 430 870 7
RECT 960 576 978 579 0
RECT 566 949 584 952 0
RECT 53 974 71 977 1
RECT 94 878 112 881 3
RECT 197 132 215 135 4
RECT 364 233 382 236 4
RECT 363 266 381 269 4
RECT 223 286 241 289 4
RECT 400 442 418 445 4
RECT 202 451 220 454 6
RECT 928 566 946 569 7
RECT 342 717 345 735 7
RECT 400 717 403 735 7
RECT 198 353 215 356 0
RECT 85 435 102 438 0
RECT 931 32 948 35 1
RECT 931 47 948 50 1
RECT 909 54 926 57 1
RECT 533 493 550 496 1
RECT 95 980 112 983 3
RECT 922 360 925 377 4
RECT 748 935 764 938 0
RECT 983 54 999 57 1
RECT 361 306 377 309 1
RECT 928 898 944 901 3
RECT 144 435 160 438 4
RECT 253 557 269 560 5
RECT 979 809 994 812 0
RECT 610 57 625 60 1
RECT 911 58 926 61 1
RECT 799 930 814 933 1
RECT 487 57 502 60 4
RECT 363 260 378 263 4
RECT 290 484 305 487 4
RECT 187 570 202 573 4
RECT 78 111 93 114 6
RECT 501 290 516 293 6
RECT 109 689 112 704 3
RECT 142 327 156 330 0
RECT 87 443 101 446 0
RECT 175 116 189 119 4
RECT 528 296 542 299 4
RECT 404 416 418 419 4
RECT 206 534 220 537 4
RECT 261 616 264 630 1
RECT 99 726 112 729 0
RECT 643 727 656 730 0
RECT 558 892 571 895 0
RECT 748 943 761 946 0
RECT 931 28 944 31 1
RECT 986 43 999 46 1
RECT 908 493 921 496 1
RECT 924 720 937 723 1
RECT 234 892 247 895 1
RECT 715 965 728 968 1
RECT 97 121 110 124 3
RECT 948 904 961 907 3
RECT 368 213 381 216 4
RECT 264 312 277 315 4
RECT 820 504 833 507 4
RECT 970 401 983 404 6
RECT 560 405 573 408 6
RECT 202 442 215 445 6
RECT 747 976 760 979 6
RECT 731 355 744 358 7
RECT 983 425 995 428 0
RECT 911 570 923 573 0
RECT 960 571 972 574 0
RECT 644 731 656 734 0
RECT 27 883 39 886 1
RECT 154 32 166 35 3
RECT 76 712 88 715 3
RECT 188 774 200 777 3
RECT 141 132 153 135 4
RECT 341 339 353 342 4
RECT 330 520 342 523 6
RECT 686 348 698 351 7
RECT 743 971 746 983 0
RECT 857 360 860 372 1
RECT 16 878 19 890 1
RECT 130 463 141 466 0
RECT 767 930 778 933 0
RECT 848 171 859 174 1
RECT 663 949 674 952 1
RECT 818 990 829 993 1
RECT 268 260 279 263 3
RECT 292 142 303 145 4
RECT 327 546 338 549 4
RECT 388 442 399 445 6
RECT 765 975 776 978 6
RECT 50 52 61 55 7
RECT 22 878 25 889 1
RECT 810 536 813 547 3
RECT 844 334 854 337 0
RECT 874 334 884 337 0
RECT 874 347 884 350 0
RECT 943 781 953 784 0
RECT 78 996 88 999 0
RECT 891 94 901 97 1
RECT 100 69 110 72 3
RECT 499 210 509 213 3
RECT 102 873 112 876 3
RECT 155 16 165 19 4
RECT 343 451 353 454 4
RECT 281 535 291 538 4
RECT 839 721 849 724 4
RECT 382 679 392 682 6
RECT 455 2 465 5 7
RECT 575 233 585 236 7
RECT 249 20 252 30 6
RECT 274 0 283 3 0
RECT 432 94 441 97 0
RECT 1 851 10 854 0
RECT 535 7 544 10 1
RECT 276 58 285 61 1
RECT 585 66 594 69 1
RECT 266 78 275 81 1
RECT 571 94 580 97 1
RECT 276 109 285 112 1
RECT 698 230 707 233 1
RECT 794 494 803 497 1
RECT 952 720 961 723 1
RECT 390 722 399 725 1
RECT 969 799 978 802 1
RECT 16 891 25 894 1
RECT 103 213 112 216 3
RECT 21 902 30 905 3
RECT 675 909 684 912 3
RECT 165 52 174 55 4
RECT 223 296 232 299 4
RECT 224 303 233 306 4
RECT 170 504 179 507 4
RECT 404 722 413 725 4
RECT 268 551 277 554 5
RECT 678 970 687 973 5
RECT 871 12 880 15 6
RECT 276 400 285 403 6
RECT 367 443 376 446 6
RECT 358 679 367 682 6
RECT 849 230 858 233 7
RECT 852 358 855 367 1
RECT 53 793 56 802 1
RECT 705 37 708 46 3
RECT 120 253 123 262 3
RECT 120 341 123 350 3
RECT 120 359 123 368 3
RECT 120 378 123 387 3
RECT 876 379 879 388 4
RECT 690 971 693 980 5
RECT 830 343 838 346 0
RECT 0 639 8 642 0
RECT 251 686 259 689 0
RECT 991 820 999 823 0
RECT 814 873 822 876 0
RECT 198 961 206 964 0
RECT 38 136 46 139 1
RECT 67 245 75 248 1
RECT 271 256 279 259 1
RECT 580 562 588 565 1
RECT 38 691 46 694 1
RECT 819 918 827 921 1
RECT 891 935 899 938 1
RECT 337 115 345 118 3
RECT 988 214 996 217 3
RECT 76 416 84 419 3
RECT 822 456 830 459 3
RECT 234 774 242 777 3
RECT 104 904 112 907 3
RECT 104 939 112 942 3
RECT 259 142 267 145 4
RECT 575 208 583 211 4
RECT 576 223 584 226 4
RECT 213 508 221 511 4
RECT 342 514 350 517 4
RECT 100 270 108 273 5
RECT 917 104 925 107 6
RECT 332 203 340 206 6
RECT 958 246 966 249 6
RECT 958 251 966 254 6
RECT 958 256 966 259 6
RECT 214 342 222 345 6
RECT 917 633 925 636 6
RECT 964 193 967 201 1
RECT 866 363 869 371 1
RECT 38 456 41 464 1
RECT 27 857 30 865 1
RECT 598 991 601 999 1
RECT 109 280 112 288 3
RECT 120 420 123 428 3
RECT 815 535 818 543 3
RECT 202 58 205 66 4
RECT 841 384 844 392 4
RECT 190 612 193 620 4
RECT 239 17 242 25 6
RECT 375 43 382 46 0
RECT 949 95 956 98 0
RECT 844 342 851 345 0
RECT 709 363 716 366 0
RECT 493 380 500 383 0
RECT 85 513 92 516 0
RECT 46 520 53 523 0
RECT 916 576 923 579 0
RECT 986 47 993 50 1
RECT 266 48 273 51 1
RECT 68 104 75 107 1
RECT 68 457 75 460 1
RECT 343 582 350 585 1
RECT 392 726 399 729 1
RECT 12 846 19 849 1
RECT 745 861 752 864 1
RECT 7 891 14 894 1
RECT 38 903 45 906 1
RECT 475 964 482 967 1
RECT 362 996 369 999 1
RECT 77 472 84 475 3
RECT 356 567 363 570 3
RECT 908 909 915 912 3
RECT 76 950 83 953 3
RECT 79 966 86 969 3
RECT 747 359 754 362 4
RECT 822 385 829 388 4
RECT 211 220 218 223 5
RECT 251 592 258 595 5
RECT 251 603 258 606 5
RECT 836 733 843 736 5
RECT 825 867 832 870 5
RECT 331 187 338 190 6
RECT 968 246 975 249 6
RECT 978 246 985 249 6
RECT 978 251 985 254 6
RECT 978 256 985 259 6
RECT 553 344 560 347 6
RECT 338 73 345 76 7
RECT 903 570 910 573 7
RECT 395 588 402 591 7
RECT 791 867 798 870 7
RECT 886 39 889 46 0
RECT 266 613 269 620 0
RECT 974 194 977 201 1
RECT 870 343 873 350 1
RECT 924 740 927 747 1
RECT 577 865 580 872 1
RECT 27 887 30 894 1
RECT 606 992 609 999 1
RECT 225 1 228 8 3
RECT 109 152 112 159 3
RECT 339 395 342 402 3
RECT 120 403 123 410 3
RECT 120 439 123 446 3
RECT 109 624 112 631 3
RECT 120 830 123 837 3
RECT 892 380 895 387 4
RECT 389 654 392 661 4
RECT 17 759 20 766 4
RECT 601 958 604 965 6
RECT 890 32 896 35 0
RECT 953 99 959 102 0
RECT 216 101 222 104 0
RECT 708 105 714 108 0
RECT 414 111 420 114 0
RECT 580 898 586 901 0
RECT 990 964 996 967 0
RECT 942 43 948 46 1
RECT 289 48 295 51 1
RECT 442 54 448 57 1
RECT 983 58 989 61 1
RECT 69 74 75 77 1
RECT 691 96 697 99 1
RECT 396 332 402 335 1
RECT 844 360 850 363 1
RECT 729 467 735 470 1
RECT 525 493 531 496 1
RECT 912 499 918 502 1
RECT 589 570 595 573 1
RECT 38 640 44 643 1
RECT 836 715 842 718 1
RECT 854 721 860 724 1
RECT 453 728 459 731 1
RECT 826 753 832 756 1
RECT 0 846 6 849 1
RECT 183 861 189 864 1
RECT 642 956 648 959 1
RECT 90 193 96 196 3
RECT 93 285 99 288 3
RECT 244 503 250 506 4
RECT 844 715 850 718 4
RECT 829 852 835 855 5
RECT 289 266 295 269 6
RECT 577 246 583 249 7
RECT 365 416 371 419 7
RECT 833 856 839 859 7
RECT 499 0 502 6 0
RECT 107 13 110 19 0
RECT 803 852 806 858 0
RECT 826 344 829 350 1
RECT 902 362 905 368 1
RECT 116 396 119 402 1
RECT 712 484 715 490 1
RECT 603 575 606 581 1
RECT 655 593 658 599 1
RECT 851 752 854 758 1
RECT 580 847 583 853 1
RECT 991 911 994 917 1
RECT 120 267 123 273 3
RECT 862 510 865 516 3
RECT 120 562 123 568 3
RECT 808 386 811 392 4
RECT 734 976 737 982 4
RECT 214 26 217 32 6
RECT 400 769 403 775 7
RECT 46 526 51 529 0
RECT 558 695 563 698 0
RECT 685 909 690 912 0
RECT 694 909 699 912 0
RECT 535 1 540 4 1
RECT 740 11 745 14 1
RECT 399 313 404 316 1
RECT 926 323 931 326 1
RECT 866 359 871 362 1
RECT 45 360 50 363 1
RECT 927 363 932 366 1
RECT 932 482 937 485 1
RECT 667 592 672 595 1
RECT 926 612 931 615 1
RECT 714 640 719 643 1
